band_gap,density,density_atomic,deprecated,efermi,energy_above_hull,energy_per_atom,formation_energy_per_atom,is_gap_direct,is_magnetic,is_metal,is_stable,nelements,nsites,num_magnetic_sites,num_unique_magnetic_sites,theoretical,total_magnetization,total_magnetization_normalized_formula_units,total_magnetization_normalized_vol,uncorrected_energy_per_atom,volume,target
0.0,2.662908,5.339888,0.0,6.797532,1.358361,-3.719922,0.717694,0.0,0.0,1.0,0.0,3.0,32.0,0.0,0.0,0.0,7e-06,1.75e-06,4.096528e-08,-3.552922,170.8764,1
0.0,0.0,0.0,0.0,0.0,0.0,0.0,0.0,0.0,0.0,0.0,0.0,0.0,0.0,0.0,0.0,0.0,0.0,0.0,0.0,0.0,0.0,1
3.2288,13.73253,9.269816,0.0,9.236815,1.184269,-25.16206,-2.898733,0.0,0.0,0.0,0.0,3.0,12.0,0.0,0.0,1.0,0.0028589,0.00142945,2.57008e-05,-8.200421,111.2378,1
0.0,2.403982,20.0235,0.0,0.05416195,1.700362,-7.466337,1.107112,0.0,1.0,1.0,0.0,4.0,52.0,4.0,1.0,1.0,0.5019806,0.1254951,0.0004821073,-4.215414,1041.222,1
3.1985,13.86956,9.224696,0.0,9.204095,1.166846,-25.3594,-2.922061,0.0,0.0,0.0,0.0,3.0,12.0,0.0,0.0,1.0,5.37e-05,2.685e-05,4.851108e-07,-8.220044,110.6964,1
0.0,10.20195,4.814412,0.0,13.84898,5.197524,-1.409297,3.836258,0.0,1.0,1.0,0.0,3.0,20.0,6.0,1.0,1.0,2.048717,1.024358,0.02127692,-0.8212972,96.28824,1
3.2045,14.03404,9.149617,0.0,9.294322,1.162626,-25.57406,-2.937451,0.0,0.0,0.0,0.0,3.0,12.0,0.0,0.0,1.0,5.7e-06,2.85e-06,5.191474e-08,-8.217749,109.7954,1
0.0,0.0,0.0,0.0,0.0,0.0,0.0,0.0,0.0,0.0,0.0,0.0,0.0,0.0,0.0,0.0,0.0,0.0,0.0,0.0,0.0,0.0,1
0.0,12.00814,14.54047,0.0,13.82124,2.037993,-33.3604,0.1900023,0.0,0.0,1.0,0.0,2.0,62.0,0.0,0.0,1.0,0.0427376,0.0213688,4.740673e-05,-6.044493,901.5091,1
0.0,6.49801,16.34238,0.0,6.557387,1.813238,-17.66468,1.762802,0.0,0.0,1.0,0.0,3.0,4.0,0.0,0.0,1.0,0.024362,0.024362,0.0003726814,-3.430857,65.36952,1
0.0,8.939079,11.57723,0.0,8.146742,2.3457,-16.4105,1.890622,0.0,0.0,1.0,0.0,3.0,4.0,0.0,0.0,1.0,0.0589009,0.0589009,0.001271913,-4.090367,46.30892,1
0.0,0.0,0.0,0.0,0.0,0.0,0.0,0.0,0.0,0.0,0.0,0.0,0.0,0.0,0.0,0.0,0.0,0.0,0.0,0.0,0.0,0.0,1
0.0,9.849712,18.87751,0.0,7.482938,1.431116,-28.70691,1.127003,0.0,0.0,1.0,0.0,3.0,3.0,0.0,0.0,1.0,0.2343031,0.2343031,0.004137253,-6.858569,56.63252,1
0.0,3.356186,15.86479,0.0,8.178968,1.301283,-6.733716,1.301283,0.0,0.0,1.0,0.0,1.0,1.0,0.0,0.0,0.0,1.2e-06,1.2e-06,7.563919e-08,-2.835167,15.86479,1
0.0,10.80536,18.80914,0.0,6.496424,1.5149,-6.630941,1.127574,0.0,0.0,1.0,0.0,3.0,3.0,0.0,0.0,1.0,0.0239906,0.0239906,0.0004251585,-6.452941,56.42742,1
0.0,15.84954,16.6004,0.0,7.650218,1.456779,-8.861885,1.117466,0.0,0.0,1.0,0.0,3.0,4.0,0.0,0.0,1.0,1.32e-05,1.32e-05,1.987904e-07,-8.728385,66.4016,1
0.0,1.975635,24.90683,0.0,-2.611403,1.227085,-4.984137,0.7853762,0.0,0.0,1.0,0.0,5.0,60.0,0.0,0.0,0.0,0.0120727,0.003018175,8.078574e-06,-4.748404,1494.41,1
0.0,5.922801,15.71929,0.0,0.1147495,0.9511528,-3.78093,0.4601296,0.0,1.0,1.0,0.0,3.0,16.0,16.0,4.0,0.0,12.0,12.0,0.04771209,-3.43743,251.5086,1
0.0,4.61526,13.49124,0.0,3.815164,1.122815,-11.26951,0.4911777,0.0,0.0,1.0,0.0,2.0,5.0,0.0,0.0,1.0,0.0001977,0.0001977,2.930791e-06,-5.735871,67.45619,1
0.0,12.54017,23.96069,0.0,3.280537,1.211238,-47.3806,1.211238,0.0,0.0,1.0,0.0,1.0,22.0,0.0,0.0,1.0,0.2761434,0.01255197,0.0005238569,-10.64654,527.1352,1
0.0,9.686891,24.11404,0.0,5.721675,2.127636,-37.0002,1.884797,0.0,1.0,1.0,0.0,3.0,3.0,1.0,1.0,1.0,2.35071,2.35071,0.03249434,-5.479726,72.34213,1
0.0,8.187539,13.82941,0.0,6.234521,2.045381,-17.19728,1.231746,0.0,0.0,1.0,0.0,3.0,4.0,0.0,0.0,1.0,0.0012386,0.0012386,2.239069e-05,-5.702784,55.31764,1
0.0,1.438416,36.76635,0.0,-3.019406,1.31694,-6.795734,0.7936318,0.0,1.0,1.0,0.0,2.0,3.0,2.0,1.0,0.0,1.000805,1.000805,0.009073563,-3.934832,110.2991,1
0.0,12.05514,21.02078,0.0,5.737949,1.555516,-4.649832,0.9147802,0.0,0.0,1.0,0.0,3.0,3.0,0.0,0.0,1.0,0.0323716,0.0323716,0.000513327,-4.471832,63.06233,1
0.0,1.378982,26.59113,0.0,-2.413755,1.318567,-5.655376,0.5850918,0.0,0.0,1.0,0.0,7.0,168.0,0.0,0.0,0.0,3.74447,0.4680588,0.0008381935,-5.43528,4467.31,1
0.0,11.94252,15.25457,0.0,8.038432,1.53347,-7.086781,0.9532783,0.0,0.0,1.0,0.0,3.0,4.0,0.0,0.0,1.0,0.0800657,0.0800657,0.001312159,-6.933281,61.01828,1
0.1796,1.499238,27.58849,0.0,-0.6725484,0.9147886,-3.668806,0.1260249,0.0,1.0,0.0,0.0,5.0,50.0,4.0,28.0,1.0,3.06e-05,1.53e-05,2.218317e-08,-3.433326,1379.424,1
0.0,10.2308,20.56821,0.0,3.327184,3.415863,-5.496299,2.918989,0.0,0.0,1.0,0.0,3.0,5.0,0.0,0.0,0.0,0.0245788,0.0245788,0.0002389979,-5.496299,102.8411,1
3.5892,1.854587,11.11049,0.0,1.00108,0.3211676,-9.329364,-1.091811,0.0,0.0,0.0,0.0,2.0,8.0,0.0,0.0,1.0,9.37e-05,2.3425e-05,1.054184e-06,-8.467656,88.88394,1
0.0,1.51141,24.84195,0.0,-0.401739,2.277749,-3.126708,-1.188096,0.0,1.0,1.0,0.0,4.0,10.0,6.0,1.0,1.0,1.993817,1.993817,0.008026006,-2.849508,248.4195,1
0.0,12.68009,13.49326,0.0,7.733912,1.615826,-7.009465,0.8665872,0.0,0.0,1.0,0.0,3.0,4.0,0.0,0.0,1.0,0.1010605,0.1010605,0.001872425,-6.855965,53.97306,1
0.0,9.155128,21.90248,0.0,3.249237,2.046539,-28.83623,2.046539,0.0,1.0,1.0,0.0,3.0,4.0,2.0,1.0,1.0,4.756876,4.756876,0.0542961,-4.928729,87.6099,1
0.0,7.383765,15.90153,0.0,8.52374,1.947322,-17.06538,1.046229,0.0,0.0,1.0,0.0,3.0,4.0,0.0,0.0,1.0,0.0289762,0.0289762,0.0004555567,-4.4372,63.60614,1
0.0,7.989593,12.45387,0.0,6.458884,1.865869,-4.483814,0.9600553,0.0,0.0,1.0,0.0,3.0,4.0,0.0,0.0,1.0,0.0123679,0.0123679,0.0002482743,-4.330314,49.81546,1
0.0,4.667509,13.33098,0.0,1.359028,2.853647,-4.149375,2.191162,0.0,0.0,1.0,0.0,4.0,4.0,0.0,0.0,0.0,0.0018814,0.0018814,3.528248e-05,-3.887375,53.32392,1
0.0,12.61836,20.71244,0.0,9.242414499999999,0.15436845,-49.307065,-0.4075043,0.0,1.0,1.0,0.5,2.0,8.0,3.0,2.0,0.0,16.449285,4.1123215,0.09769269,-29.084139,165.6995,1
0.0,1.987783,9.231649,0.0,3.651528,0.9018274,-6.387764,0.8014825,0.0,0.0,1.0,0.0,2.0,15.0,0.0,0.0,1.0,6.97e-05,2.323333e-05,5.033409e-07,-6.387764,138.4747,1
0.0,3.810601,9.310829,0.0,9.353185,0.7447532,-6.076224,0.7447532,0.0,0.0,1.0,0.0,2.0,3.0,0.0,0.0,1.0,0.0001138,0.0001138,4.074109e-06,-6.076224,27.93249,1
0.0,7.398723,14.80814,0.0,6.424336,0.3234732,-6.585537,-0.1937469,0.0,1.0,1.0,0.0,3.0,52.0,20.0,4.0,1.0,52.58825,13.14706,0.06829437,-6.601922,770.0232,1
0.0,1.954215,17.29225,0.0,1.826032,0.7814661,-3.035878,0.1153601,0.0,0.0,1.0,0.0,3.0,20.0,0.0,0.0,0.0,0.185048,0.092524,0.0005350604,-2.925778,345.8451,1
0.0,8.00409,22.06184,0.0,4.112212,1.373335,-26.20343,0.994835,0.0,0.0,1.0,0.0,3.0,3.0,0.0,0.0,1.0,0.0005163,0.0005163,7.800799e-06,-7.033127,66.18553,1
0.0,2.371398,8.715089,0.0,5.545698,0.4114628,-6.166596,0.3173322,0.0,0.0,1.0,0.0,2.0,13.0,0.0,0.0,0.0,0.001378,0.001378,1.216281e-05,-6.127903,113.2962,1
0.0,2.093864,8.573665,0.0,4.702494,0.7090749,-6.637279,0.7090749,0.0,0.0,1.0,0.0,1.0,108.0,0.0,0.0,0.0,0.0,0.0,0.0,-5.970317,925.9558,1
0.0,11.77885,17.75809,0.0,4.901381,1.775101,-34.04549,0.3359505,0.0,0.0,1.0,0.0,2.0,12.0,0.0,0.0,0.0,1.04239,0.2605975,0.004891621,-9.107005,213.0971,1
0.0,10.26609,14.48402,0.0,9.283809,1.818772,-5.320041,1.034857,0.0,0.0,1.0,0.0,3.0,4.0,0.0,0.0,1.0,0.0031242,0.0031242,5.392493e-05,-5.013041,57.93609,1
0.0,9.180771,16.67782,0.0,6.260595,1.496778,-23.82911,0.5799695,0.0,1.0,1.0,0.0,3.0,3.0,2.0,2.0,1.0,0.0330724,0.0330724,0.0006610055,-6.545747,50.03347,1
0.0,11.20116,18.69594,0.0,4.947134,1.216871,-30.58554,1.167627,0.0,1.0,1.0,0.0,3.0,4.0,3.0,2.0,1.0,0.5045341,0.5045341,0.006746572,-7.508734,74.78377,1
0.0,9.892009,17.40461,0.0,10.01817,1.112572,-7.643838,0.8587409,0.0,1.0,1.0,0.0,2.0,4.0,1.0,2.0,1.0,0.9999855,0.9999855,0.0143638,-7.549088,69.61843,1
0.0,6.479662,21.02233,0.0,5.789622,1.430794,-22.72391,1.411172,0.0,0.0,1.0,0.0,3.0,3.0,0.0,0.0,1.0,0.0125382,0.0125382,0.0001988076,-3.859537,63.067,1
0.0,1.445806,44.05403,0.0,-0.7692801,1.941034,-5.046186,0.7406887,0.0,0.0,1.0,0.0,2.0,3.0,0.0,0.0,1.0,0.0436716,0.0436716,0.0003304397,-4.710853,132.1621,1
0.0,15.86962,16.49919,0.0,8.373453,0.8603248,-8.673133,0.8515989,0.0,1.0,1.0,0.0,3.0,4.0,2.0,3.0,1.0,1.951151,1.951151,0.02956434,-8.673133,65.99677,1
0.0,14.03167,18.89109,0.0,5.423762,1.12626,-8.305727,0.8307348,0.0,0.0,1.0,0.0,3.0,4.0,0.0,0.0,1.0,0.001325,0.001325,1.753472e-05,-40.42065,75.56438,1
0.0,5.936867,26.47608,0.0,2.441645,1.098534,-3.487181,0.9203297,0.0,0.0,1.0,0.0,3.0,3.0,0.0,0.0,1.0,0.0002626,0.0002626,3.306129e-06,-3.487181,79.42824,1
0.0,14.14464,13.83563,0.0,8.390742,1.459348,-29.25291,1.202208,0.0,0.0,1.0,0.0,3.0,4.0,0.0,0.0,1.0,1.42e-05,1.42e-05,2.56584e-07,-6.474159,55.34251,1
0.0,13.99454,18.19077,0.0,5.554897,1.183118,-39.93327,0.942205,0.0,1.0,1.0,0.0,3.0,4.0,2.0,1.0,1.0,0.5300408,0.5300408,0.007284476,-7.169753,72.76306,1
0.0,12.34611,17.89582,0.0,7.164991,1.511013,-5.996373,1.004198,0.0,0.0,1.0,0.0,2.0,4.0,0.0,0.0,1.0,6.92e-05,3.46e-05,9.667061e-07,-5.729373,71.58329,1
0.0,10.14944,22.63967,0.0,3.527966,1.538287,-5.190074,1.166402,0.0,0.0,1.0,0.0,3.0,3.0,0.0,0.0,1.0,0.0392041,0.0392041,0.0005772184,-5.190074,67.919,1
0.0,5.284415,19.34471,0.0,2.070739,1.966421,-2.86148,0.5842971,0.0,0.0,1.0,0.0,3.0,5.0,0.0,0.0,0.0,0.0094893,0.0094893,9.810743e-05,-2.44928,96.72356,1
0.0,5.572063,23.62012,0.0,3.098326,1.269026,-15.99451,1.048717,0.0,0.0,1.0,0.0,3.0,3.0,0.0,0.0,1.0,0.0006242,0.0006242,8.808876e-06,-4.707268,70.86035,1
0.0,9.560092,17.46702,0.0,5.368001,1.055398,-21.43084,0.7103887,0.0,0.0,1.0,0.0,3.0,4.0,0.0,0.0,1.0,0.0088494,0.0088494,0.0001266587,-4.867858,69.86807,1
0.0,6.701329,19.48671,0.0,6.608,1.320023,-18.47217,0.4904114,0.0,0.0,1.0,0.0,3.0,4.0,0.0,0.0,1.0,0.0040837,0.0040837,5.239083e-05,-5.018375,77.94685,1
0.0,0.0,0.0,0.0,0.0,0.0,0.0,0.0,0.0,0.0,0.0,0.0,0.0,0.0,0.0,0.0,0.0,0.0,0.0,0.0,0.0,0.0,1
0.0,11.82549,20.2476,0.0,5.980076,1.486541,-6.602678,1.005886,0.0,0.0,1.0,0.0,3.0,4.0,0.0,0.0,1.0,0.0110535,0.0110535,0.0001364791,-6.602678,80.9904,1
0.0,0.0,0.0,0.0,0.0,0.0,0.0,0.0,0.0,0.0,0.0,0.0,0.0,0.0,0.0,0.0,0.0,0.0,0.0,0.0,0.0,0.0,1
0.0,9.942268,26.05772,0.0,5.988753,1.808805,-4.576724,1.134144,0.0,0.0,1.0,0.0,3.0,3.0,0.0,0.0,1.0,0.0002232,0.0002232,2.8552e-06,-4.398724,78.17315,1
0.0,3.47116,5.936165,0.0,9.989158,2.562003,-7.088528,1.149024,0.0,0.0,1.0,0.0,2.0,4.0,0.0,0.0,1.0,9.04e-05,4.52e-05,3.807172e-06,-6.22682,23.74466,1
0.0,14.8889,15.42965,0.0,8.314087,1.318582,-7.914592,1.016323,0.0,0.0,1.0,0.0,3.0,4.0,0.0,0.0,1.0,0.0075772,0.0075772,0.0001227701,-7.781092,61.71861,1
0.0,4.563625,9.821405,0.0,3.827262,0.6452502,-6.428678,0.6452502,0.0,0.0,1.0,0.0,2.0,3.0,0.0,0.0,0.0,2.64e-05,2.64e-05,8.960022e-07,-2.624538,29.46421,1
0.0,7.317335,15.67048,0.0,6.074619,0.5068632,-5.69807,-0.07039764,0.0,1.0,1.0,0.0,2.0,7.0,3.0,2.0,1.0,5.207723,5.207723,0.04747529,-5.428356,109.6934,1
0.0,9.300462,17.11385,0.0,3.999252,2.139856,-26.21569,1.600386,0.0,0.0,1.0,0.0,3.0,3.0,0.0,0.0,1.0,0.0036438,0.0036438,7.097174e-05,-8.286179,51.34156,1
0.0,5.223436,16.07972,0.0,4.306311,0.845551,-7.283956,0.6781759,0.0,1.0,1.0,0.0,3.0,3.0,2.0,2.0,1.0,0.0043615,0.0043615,9.041408e-05,-7.283956,48.23917,1
0.0,8.648252,13.86437,0.0,7.14474,0.8501788,-19.56758,0.8501788,0.0,0.0,1.0,0.0,2.0,4.0,0.0,0.0,1.0,0.0020441,0.0020441,3.685888e-05,-8.08749,55.45746,1
0.0,12.81467,19.93942,0.0,8.967134,0.2207309,-45.72981,-0.03740082,0.0,1.0,1.0,0.0,2.0,8.0,4.0,3.0,1.0,4.327587,1.081897,0.02712959,-7.098648,159.5154,1
0.0,9.954781,19.74657,0.0,9.644023,0.9237195,-27.47118,0.6771841,0.0,0.0,1.0,0.0,3.0,4.0,0.0,0.0,1.0,8.21e-05,8.21e-05,1.039421e-06,-4.943506,78.98627,1
0.0,2.954344,37.87162,0.0,-1.536961,0.2883573,-15.33347,-0.1139765,0.0,0.0,1.0,0.0,2.0,40.0,0.0,0.0,0.0,1.32e-05,1.65e-06,8.71365e-09,-2.59807,1514.865,1
0.0,7.140591,14.263,0.0,7.595453,0.9681994,-5.461132,0.4938799,0.0,1.0,1.0,0.0,3.0,4.0,2.0,1.0,1.0,1.41103,1.41103,0.02473235,-5.327632,57.052,1
0.0,2.060451,29.43242,0.0,2.028143,1.328662,-9.615861,0.4702646,0.0,1.0,1.0,0.0,2.0,2.0,2.0,2.0,1.0,1.000033,1.000033,0.01698863,-5.387162,58.86484,1
0.0,7.79408,26.5959,0.0,3.905726,1.607075,-4.795195,0.9014313,0.0,0.0,1.0,0.0,3.0,3.0,0.0,0.0,1.0,0.0002068,0.0002068,2.591878e-06,-4.795195,79.7877,1
0.0706,2.481829,25.19043,0.0,-0.04572339,0.7804055,-4.846963,0.3933799,0.0,1.0,0.0,0.0,4.0,28.0,4.0,3.0,0.0,4.00597,2.002985,0.005679552,-4.52782,705.3321,1
0.0,15.34822,16.18679,0.0,7.724627,1.037958,-6.550851,0.957808,0.0,0.0,1.0,0.0,3.0,4.0,0.0,0.0,1.0,0.0090426,0.0090426,0.0001396602,-6.550851,64.74716,1
0.0,9.128445,20.2809,0.0,4.16691,1.266978,-26.75242,0.7496156,0.0,0.0,1.0,0.0,3.0,3.0,0.0,0.0,1.0,0.0029119,0.0029119,4.785948e-05,-3.555202,60.8427,1
0.0,10.02685,17.66446,0.0,7.73641,1.64461,-24.76111,1.467429,0.0,0.0,1.0,0.0,3.0,4.0,0.0,0.0,1.0,0.0010133,0.0010133,1.434095e-05,-4.681246,70.65783,1
0.0,4.788846,28.23169,0.0,2.365272,1.072399,-14.74699,0.8550295,0.0,0.0,1.0,0.0,3.0,3.0,0.0,0.0,1.0,9.8e-05,9.8e-05,1.157092e-06,-2.951374,84.69507,1
0.0,14.61161,21.90995,0.0,6.436086,1.012601,-51.81567,0.8050667,0.0,0.0,1.0,0.0,3.0,3.0,0.0,0.0,1.0,0.000879,0.000879,1.337292e-05,-8.103724,65.72985,1
0.0,5.460373,24.09766,0.0,3.431599,1.28757,-16.81434,0.7685036,0.0,0.0,1.0,0.0,3.0,3.0,0.0,0.0,1.0,0.0030393,0.0030393,4.204142e-05,-4.480518,72.29299,1
0.0,7.055433,23.19591,0.0,6.019428,1.189216,-20.78728,0.8868517,0.0,1.0,1.0,0.0,3.0,3.0,1.0,1.0,1.0,1.31035,1.31035,0.01883018,-5.054525,69.58773,1
0.0,3.234929,30.1819,0.0,1.892089,1.079548,-12.44129,0.1939446,0.0,1.0,1.0,0.0,2.0,2.0,2.0,2.0,1.0,1.000179,1.000179,0.01656919,-5.225996,60.3638,1
0.0,9.140895,21.399,0.0,4.94884,1.406518,-27.97428,0.5373684,0.0,0.0,1.0,0.0,3.0,3.0,0.0,0.0,1.0,8.18e-05,8.18e-05,1.274203e-06,-7.459579,64.19699,1
0.0,3.269793,11.50819,0.0,0.5650695,0.3405684,-6.522866,-0.1451162,0.0,0.0,1.0,0.0,2.0,4.0,0.0,0.0,1.0,0.0019079,0.0019079,4.144657e-05,-2.981572,46.03276,1
2.0291,1.387601,22.35966,0.0,-1.914536,1.051903,-4.923712,0.4349555,0.0,0.0,0.0,0.0,5.0,56.0,0.0,0.0,0.0,0.0118695,0.00593475,9.479365e-06,-4.667498,1252.141,1
2.27,1.882049,24.85097,0.0,-2.227091,0.0,0.0,0.0,0.0,0.0,0.0,0.0,5.0,60.0,0.0,0.0,1.0,0.0,0.0,0.0,0.0,1491.058,1
0.0,15.03662,18.34854,0.0,7.548618,0.0,-43.01808,-0.147627,0.0,0.0,1.0,1.0,2.0,8.0,0.0,0.0,0.0,0.0,0.0,0.0,-43.01808,146.7883,1
0.077,4.65386,18.13329,0.0,4.569307,1.306132,-2.587139,0.5434101,1.0,0.0,0.0,0.0,3.0,3.0,0.0,0.0,1.0,1.4e-05,1.4e-05,2.573535e-07,-2.409139,54.39988,1
0.0,10.89352,11.10675,0.0,6.122336,0.6686478,-21.09058,0.6686478,0.0,0.0,1.0,0.0,2.0,3.0,0.0,0.0,0.0,1.7e-06,1.7e-06,5.102004e-08,-4.875574,33.32024,1
0.0,3.566009,17.74564,0.0,-0.8430942,1.309265,-5.477897,1.23841,0.0,1.0,1.0,0.0,3.0,4.0,1.0,2.0,1.0,2.000021,2.000021,0.02817624,-5.297397,70.98255,1
0.0,6.956488,17.72502,0.0,5.253467,0.7734096,-7.651733,0.3260809,0.0,1.0,1.0,0.0,3.0,3.0,2.0,2.0,1.0,2.068125,2.068125,0.03889276,-7.651733,53.17507,1
0.0,7.910122,24.30881,0.0,6.190645,1.253536,-3.59066,0.9637355,0.0,0.0,1.0,0.0,3.0,3.0,0.0,0.0,1.0,0.00035,0.00035,4.799357e-06,-3.449993,72.92643,1
0.0,8.638308,15.88295,0.0,7.168449,1.188573,-7.111125,0.5135363,0.0,0.0,1.0,0.0,3.0,4.0,0.0,0.0,1.0,5.78e-05,5.78e-05,9.097808e-07,-6.957625,63.53178,1
0.0,4.987309,15.99212,0.0,7.824854,0.5459928,-11.3733,0.5459928,0.0,0.0,1.0,0.0,2.0,4.0,0.0,0.0,1.0,0.0015556,0.0015556,2.431823e-05,-4.231135,63.96848,1
0.9311,1.949989,16.46874,0.0,-0.3495518,1.392702,-7.183274,0.1541722,0.0,0.0,0.0,0.0,3.0,124.0,0.0,0.0,1.0,0.0365957,0.009148925,1.792041e-05,-6.824661,2042.124,1
0.0,2.755159,7.539617,0.0,6.884601,4.40438,-4.601689,4.40438,0.0,0.0,1.0,0.0,2.0,4.0,0.0,0.0,1.0,5.61e-05,5.61e-05,1.860174e-06,-4.511439,30.15847,0
0.0,2.274122,9.134447,0.0,5.159344,4.367345,-4.638723,4.367345,0.0,0.0,1.0,0.0,2.0,4.0,0.0,0.0,1.0,0.003677,0.003677,0.0001006355,-4.548473,36.53779,0
0.0,2.170177,9.571959,0.0,2.695321,3.559278,-5.44679,3.559278,0.0,0.0,1.0,0.0,2.0,8.0,0.0,0.0,1.0,0.8794805,0.4397402,0.01148512,-5.941453,76.57567,0
0.0,3.041994,6.828693,0.0,7.603923,4.212241,-4.793828,4.212241,0.0,0.0,1.0,0.0,2.0,4.0,0.0,0.0,1.0,1.77e-05,1.77e-05,6.48001e-07,-4.703578,27.31477,0
0.0,2.36221,8.793817,0.0,5.145916,2.821813,-6.184255,2.821813,0.0,0.0,1.0,0.0,2.0,8.0,0.0,0.0,1.0,0.0279712,0.0139856,0.0003975975,-6.094005,70.35054,0
0.0,1.981582,10.48296,0.0,2.922383,3.193112,-5.812956,3.193112,0.0,1.0,1.0,0.0,2.0,32.0,1.0,6.0,1.0,3.594679,0.4493349,0.01071584,-5.722706,335.4547,0
0.0,3.554952,5.610269,0.0,10.44087,2.756673,-6.471993,2.756673,0.0,0.0,1.0,0.0,1.0,1.0,0.0,0.0,1.0,0.0,0.0,0.0,-6.471993,5.610269,0
0.0,11.32924,15.46129,0.0,3.521639,1.540296,-28.31656,1.540296,0.0,0.0,1.0,0.0,2.0,2.0,0.0,0.0,1.0,0.0033354,0.0033354,0.0001078629,-4.084392,30.92258,0
0.0,16.34238,10.47713,0.0,9.774196,1.499975,-29.24408,1.499975,0.0,0.0,1.0,0.0,2.0,2.0,0.0,0.0,1.0,0.0013526,0.0013526,6.45501e-05,-6.90699,20.95427,0
0.0,15.77925,10.85104,0.0,9.243908,1.346546,-29.39751,1.346546,0.0,0.0,1.0,0.0,2.0,2.0,0.0,0.0,1.0,4.4e-06,4.4e-06,2.027456e-07,-7.060419,21.70207,0
0.0,15.12338,11.47902,0.0,7.333658,1.153378,-29.15486,1.153378,0.0,0.0,1.0,0.0,2.0,4.0,0.0,0.0,1.0,0.000117,5.85e-05,2.548126e-06,-5.869936,45.91609,0
0.0,1.296113,16.02703,0.0,-0.7921307,2.097223,-6.908845,2.097223,0.0,0.0,1.0,0.0,2.0,4.0,0.0,0.0,1.0,0.2112334,0.2112334,0.003294955,-6.818595,64.10812,0
0.0,7.260248,10.24905,0.0,5.072836,1.41724,-12.32208,1.41724,0.0,0.0,1.0,0.0,2.0,3.0,0.0,0.0,1.0,0.001032,0.001032,3.356409e-05,-5.626384,30.74715,0
0.0,15.31365,11.3364,0.0,6.868792,1.204402,-29.10383,1.204402,0.0,0.0,1.0,0.0,2.0,2.0,0.0,0.0,1.0,0.0148569,0.0148569,0.0006552741,-5.818912,22.6728,0
0.0,10.14074,17.57003,0.0,1.569472,1.415452,-27.83283,1.415452,0.0,0.0,1.0,0.0,2.0,4.0,0.0,0.0,1.0,0.0307725,0.01538625,0.0004378549,-2.724136,70.28013,0
0.0,3.285604,17.17461,0.0,1.620875,0.7717482,-8.220498,0.6456373,0.0,0.0,1.0,0.0,2.0,8.0,0.0,0.0,1.0,0.0008731,0.00043655,6.354585e-06,-1.973698,137.3969,0
0.0,16.02352,10.68562,0.0,8.938228,1.28532,-29.45873,1.28532,0.0,1.0,1.0,0.0,2.0,2.0,1.0,1.0,1.0,0.2618509,0.2618509,0.01225249,-7.121645,21.37124,0
0.0,1.605578,12.93792,0.0,2.749823,1.365404,-7.640665,1.365404,0.0,0.0,1.0,0.0,2.0,16.0,0.0,0.0,1.0,3.999874,0.9999685,0.01932243,-7.550415,207.0068,0
0.0,4.525463,22.09423,0.0,0.1311768,1.187594,-14.85701,1.187594,0.0,0.0,1.0,0.0,2.0,4.0,0.0,0.0,1.0,0.1332614,0.0666307,0.001507876,-5.390094,88.37691,0
0.0,14.861,11.52151,0.0,8.106749,0.719129,-30.02492,0.719129,0.0,0.0,1.0,0.0,2.0,6.0,0.0,0.0,1.0,0.0039838,0.001327933,5.762842e-05,-7.687836,69.12908,0
7.8758,1.324243,19.64903,0.0,-6.125079,0.002427876,-6.07102,-3.55023,1.0,0.0,0.0,0.0,2.0,36.0,0.0,0.0,1.0,0.0,0.0,0.0,-6.997097,707.365,0
0.0,7.386822,8.1714,0.0,8.833656,0.9701725,-9.585061,0.9701725,0.0,0.0,1.0,0.0,2.0,2.0,0.0,0.0,1.0,0.0190632,0.0190632,0.001166459,-5.947372,16.3428,0
0.0,9.13044,10.63132,0.0,7.076385,0.9106934,-15.7218,0.9106934,0.0,0.0,1.0,0.0,2.0,2.0,0.0,0.0,1.0,0.010919,0.010919,0.0005135298,-6.759208,21.26264,0
8.0368,1.64643,15.80394,0.0,-5.723544,0.0,-6.073448,-3.552658,0.0,0.0,0.0,1.0,2.0,36.0,0.0,0.0,1.0,0.0,0.0,0.0,-5.765448,568.9419,0
1.6966,1.931695,22.88496,0.0,-2.45675,0.5260148,-11.08236,-2.796005,0.0,0.0,0.0,0.0,2.0,12.0,0.0,0.0,1.0,0.0005057,0.000126425,1.841457e-06,-8.448095,274.6196,0
0.0,2.303328,11.55608,0.0,4.887903,2.288662,-6.091108,2.18672,0.0,0.0,1.0,0.0,2.0,4.0,0.0,0.0,1.0,1.01e-05,1.01e-05,2.184997e-07,-6.091108,46.22433,0
0.0,13.86001,8.715761,0.0,9.861643,0.9246226,-22.82295,0.9246226,0.0,0.0,1.0,0.0,2.0,6.0,0.0,0.0,1.0,0.0050311,0.00251555,9.620694e-05,-8.13483,52.29457,0
0.0,16.28945,10.4099,0.0,8.899506,1.378462,-29.67853,1.378462,0.0,0.0,1.0,0.0,2.0,2.0,0.0,0.0,1.0,0.0377309,0.0377309,0.001812261,-8.222969,20.8198,0
0.0,7.526674,13.2843,0.0,4.310072,0.8740516,-15.17055,0.8740516,0.0,0.0,1.0,0.0,2.0,4.0,0.0,0.0,1.0,0.0004991,0.00024955,9.392664e-06,-5.703637,53.13721,0
0.0,7.268251,8.859029,0.0,7.518125,1.220494,-8.76728,1.220494,0.0,0.0,1.0,0.0,2.0,2.0,0.0,0.0,1.0,0.0043015,0.0043015,0.0002427749,-4.816857,17.71806,0
8.0867,2.142551,12.14444,0.0,-4.158787,0.000822935,-6.072625,-3.551835,0.0,0.0,0.0,0.0,2.0,9.0,0.0,0.0,0.0,0.0,0.0,0.0,-7.006022,109.3,0
7.8725,2.955683,15.88071,0.0,-3.756599,0.0271705,-6.296226,-3.517172,0.0,0.0,0.0,0.0,3.0,88.0,0.0,0.0,0.0,0.0,0.0,0.0,-5.960226,1397.502,0
0.0,9.143062,10.93579,0.0,5.795091,0.8940092,-15.15059,0.8940092,0.0,0.0,1.0,0.0,2.0,4.0,0.0,0.0,1.0,0.0006651,0.00033255,1.520466e-05,-5.683679,43.74316,0
0.0,2.185093,9.506619,0.0,3.864078,1.79908,-7.206989,1.79908,0.0,0.0,1.0,0.0,2.0,4.0,0.0,0.0,1.0,0.0007787,0.0007787,2.047784e-05,-7.116739,38.02647,0
0.0,6.204903,13.18759,0.0,6.422115,0.02721078,-7.197932,-4.280086,0.0,1.0,1.0,0.0,2.0,24.0,2.0,1.0,1.0,1.99892,0.3331534,0.00631566,-6.851432,316.5022,0
8.1452,2.886867,13.66002,0.0,-3.800443,0.0,-8.416656,-3.432328,0.0,0.0,0.0,1.0,3.0,88.0,0.0,0.0,0.0,0.0,0.0,0.0,-8.416656,1202.082,0
6.2981,3.068458,19.11644,0.0,-3.716364,0.0,-5.941122,-3.141869,0.0,0.0,0.0,1.0,4.0,17.0,0.0,0.0,1.0,0.0005772,0.0005772,1.776112e-06,-5.615004,324.9794,0
0.0,6.236949,13.11983,0.0,6.449172,0.0,-7.225143,-4.307296,0.0,1.0,1.0,1.0,2.0,24.0,6.0,2.0,0.0,5.998805,0.9998008,0.01905133,-6.878643,314.8759,0
0.0,6.189625,13.22014,0.0,6.664762,0.1316753,-7.093468,-4.175621,0.0,1.0,1.0,0.0,2.0,24.0,6.0,1.0,0.0,4.396247,0.7327078,0.0138559,-6.746968,317.2834,0
6.8003,1.246979,20.86651,0.0,-5.683219,0.2230052,-5.850443,-3.329652,0.0,0.0,0.0,0.0,2.0,9.0,0.0,0.0,1.0,0.0,0.0,0.0,-5.542443,187.7986,0
0.0,12.51467,9.652718,0.0,6.887641,0.8030698,-22.94451,0.8030698,0.0,0.0,1.0,0.0,2.0,3.0,0.0,0.0,1.0,0.0006647,0.0006647,2.295381e-05,-8.256383,28.95815,0
0.0,6.231669,15.55406,0.0,7.705863,0.0,-8.350821,-4.083924,0.0,1.0,1.0,1.0,3.0,6.0,2.0,2.0,1.0,2.0,1.0,0.02143063,-17.41089,93.32438,0
0.0,11.71574,10.40484,0.0,7.561995,0.7889555,-22.75,0.7889555,0.0,1.0,1.0,0.0,2.0,3.0,1.0,1.0,1.0,0.3734723,0.3734723,0.0119647,-7.474186,31.21452,0
0.0,4.446933,15.76962,0.0,4.066836,0.9072271,-5.970233,0.6518171,0.0,0.0,1.0,0.0,2.0,16.0,0.0,0.0,1.0,0.001661,0.00041525,6.583067e-06,-5.699483,252.314,0
8.0511,3.74938,12.51896,0.0,-2.614819,0.0,-6.323396,-3.544343,0.0,0.0,0.0,1.0,3.0,11.0,0.0,0.0,0.0,0.0,0.0,0.0,-9.459302,137.7086,0
0.0,11.76331,10.36276,0.0,7.610107,0.7493382,-22.78961,0.7493382,0.0,0.0,1.0,0.0,2.0,6.0,0.0,0.0,1.0,0.0038684,0.0019342,6.221636e-05,-7.513803,62.17658,0
0.0,9.411989,10.3133,0.0,7.047475,0.7808824,-15.85161,0.7808824,0.0,0.0,1.0,0.0,2.0,2.0,0.0,0.0,1.0,0.0078388,0.0078388,0.0003800337,-6.889019,20.62659,0
7.374,3.330824,15.32514,0.0,-2.927249,0.0,-5.714884,-3.473015,1.0,0.0,0.0,1.0,3.0,32.0,0.0,0.0,0.0,0.0,0.0,0.0,-9.597774,490.4046,0
8.3235,2.395297,10.86299,0.0,-3.996416,0.0003967061,-6.073051,-3.552261,0.0,0.0,0.0,0.0,2.0,9.0,0.0,0.0,0.0,0.0,0.0,0.0,-7.015714,97.76691,0
0.0,9.2387,18.79664,0.0,6.523562,0.002848812,-26.82169,-0.3961982,0.0,1.0,1.0,0.0,2.0,10.0,2.0,2.0,0.0,10.73731,5.368653,0.05712354,-26.82169,187.9664,0
0.0,2.893223,15.04618,0.0,2.036175,0.002355126,-7.076452,-3.668969,0.0,1.0,1.0,0.0,2.0,8.0,2.0,2.0,0.0,2.0,1.0,0.01661552,-9.178185,120.3694,0
0.0,6.675602,15.15804,0.0,2.17845,1.54949,-13.69282,1.54949,0.0,0.0,1.0,0.0,2.0,2.0,0.0,0.0,1.0,0.0049141,0.0049141,0.0001620955,-3.854536,30.31607,0
8.3113,2.641267,12.21301,0.0,-3.325164,0.0,-7.662816,-3.415522,0.0,0.0,0.0,1.0,3.0,88.0,0.0,0.0,0.0,0.0,0.0,0.0,-7.662816,1074.745,0
0.0,9.383444,10.18226,0.0,8.393976,0.7438332,-16.53281,0.7438332,0.0,1.0,1.0,0.0,2.0,2.0,1.0,1.0,1.0,1.034626,1.034626,0.05080534,-7.881116,20.36452,0
0.0,9.613023,12.99836,0.0,7.050741,0.0,-28.12376,-4.191929,0.0,1.0,1.0,1.0,2.0,8.0,2.0,1.0,0.0,10.0,5.0,0.09616594,-28.12376,103.9869,0
0.0,7.481134,13.36517,0.0,4.023874,0.8724563,-15.17215,0.8724563,0.0,0.0,1.0,0.0,2.0,2.0,0.0,0.0,1.0,0.0016921,0.0016921,6.33026e-05,-5.705232,26.73034,0
0.0,3.280331,13.55739,0.0,3.052635,0.03239425,-6.564728,-3.534458,0.0,1.0,1.0,0.0,3.0,10.0,2.0,1.0,0.0,2.001185,2.001185,0.01476084,-6.241328,135.5739,0
7.737,3.194147,14.92652,0.0,-3.775269,0.0,-5.860752,-3.309778,0.0,0.0,0.0,1.0,3.0,24.0,0.0,0.0,0.0,0.0,0.0,0.0,-8.837586,358.2366,0
7.6306,3.48285,17.45874,0.0,-3.559278,0.0,-10.70456,-3.214534,0.0,0.0,0.0,1.0,3.0,24.0,0.0,0.0,0.0,0.0,0.0,0.0,-10.70456,419.0099,0
7.3167,1.977471,17.62071,0.0,-4.437054,0.0738721,-7.445655,-3.135783,0.0,0.0,0.0,0.0,3.0,6.0,0.0,0.0,1.0,0.0002264,0.0002264,2.141419e-06,-5.496537,105.7243,0
2.1473,4.737642,15.14924,0.0,-1.098482,0.0,-6.776128,-4.059555,0.0,0.0,0.0,1.0,2.0,30.0,0.0,0.0,0.0,0.0,0.0,0.0,-12.62999,454.4773,0
0.0,9.689776,19.41492,0.0,6.851265,0.0,-30.66998,-0.4988088,0.0,1.0,1.0,1.0,2.0,8.0,2.0,2.0,0.0,10.15982,5.07991,0.06541247,-30.66998,155.3193,0
0.0,6.387065,15.17564,0.0,7.926592,0.08350127,-8.26732,-4.000423,0.0,1.0,1.0,0.0,3.0,3.0,1.0,1.0,1.0,0.9993622,0.9993622,0.02195102,-7.88432,45.52691,0
0.0,9.300248,10.27335,0.0,8.815436,0.7324958,-16.54415,0.7324958,0.0,0.0,1.0,0.0,2.0,2.0,0.0,0.0,1.0,0.0337296,0.0337296,0.001641607,-7.892453,20.54669,0
6.7238,4.809298,14.09389,0.0,6.240629,0.0,-6.202997,-4.074419,1.0,0.0,0.0,1.0,3.0,68.0,0.0,0.0,0.0,0.0,0.0,0.0,-11.74124,958.3847,0
6.5307,3.004469,15.85663,0.0,2.800969,0.0,-6.692451,-3.986571,1.0,0.0,0.0,1.0,3.0,8.0,0.0,0.0,1.0,0.0,0.0,0.0,-9.661977,126.853,0
4.3334,3.901424,11.3434,0.0,2.537942,0.08379621,-10.80914,-3.981546,0.0,0.0,0.0,0.0,3.0,6.0,0.0,0.0,1.0,1.4e-06,7e-07,2.056996e-08,-8.057063,68.06042,0
4.6167,2.38715,17.55868,0.0,-4.013128,0.0,-6.64465,-3.973405,1.0,0.0,0.0,1.0,3.0,8.0,0.0,0.0,1.0,0.0,0.0,0.0,-8.709644,140.4694,0
8.246,2.22045,11.68444,0.0,-4.597168,0.0,-6.847187,-3.142574,0.0,0.0,0.0,1.0,3.0,18.0,0.0,0.0,0.0,0.0,0.0,0.0,-6.847187,210.3199,0
6.3002,4.611279,16.89574,0.0,-0.887131,0.01135827,-6.148358,-4.094064,1.0,0.0,0.0,0.0,3.0,104.0,0.0,0.0,0.0,0.0390092,0.00487615,2.220017e-05,-5.828511,1757.157,0
5.8893,4.357484,14.04478,0.0,0.352472,0.0958348,-6.71914,-3.504962,0.0,0.0,0.0,0.0,4.0,24.0,0.0,0.0,0.0,0.0017682,0.00044205,5.245723e-06,-6.37364,337.0746,0
7.204,4.578387,13.43513,0.0,-0.8249771,0.008513227,-6.211808,-4.037244,1.0,0.0,0.0,0.0,3.0,28.0,0.0,0.0,0.0,0.0,0.0,0.0,-11.00463,376.1838,0
4.8904,6.455413,12.59798,0.0,4.369798,0.1814172,-14.10757,-4.328631,1.0,0.0,0.0,0.0,2.0,4.0,0.0,0.0,1.0,4.2e-06,4.2e-06,8.334667e-08,-6.631885,50.39193,0
4.3236,4.327968,14.34875,0.0,-1.796545,0.0,-6.63701,-3.976592,0.0,0.0,0.0,1.0,3.0,8.0,0.0,0.0,0.0,0.0,0.0,0.0,-11.18532,114.79,0
0.1118,6.302881,17.12359,0.0,3.188045,0.0003831608,-7.190904,-3.800499,0.0,1.0,0.0,0.0,3.0,24.0,4.0,4.0,1.0,4.0,2.0,0.009733159,-21.62692,410.9662,0
7.9399,2.632827,13.23461,0.0,-3.599332,0.0,-7.519528,-3.209655,0.0,0.0,0.0,1.0,3.0,24.0,0.0,0.0,0.0,0.0,0.0,0.0,-7.519528,317.6307,0
0.1714,6.545284,14.50618,0.0,3.779844,0.0,-20.08523,-3.917294,1.0,1.0,0.0,1.0,3.0,48.0,6.0,8.0,0.0,8.0,2.0,0.01148935,-20.08523,696.2969,0
6.1626,8.793765,13.4068,0.0,3.783402,0.0,-23.97188,-4.469768,0.0,0.0,0.0,1.0,2.0,4.0,0.0,0.0,1.0,0.0454309,0.0454309,0.0008471612,-23.97188,53.62722,0
6.5801,4.642651,16.78157,0.0,-0.957573,0.005861224,-6.153855,-4.099561,1.0,0.0,0.0,0.0,3.0,52.0,0.0,0.0,0.0,0.0024012,0.0006003,2.751644e-06,-5.834008,872.6418,0
0.0,2.940086,15.33967,0.0,2.653379,0.0,-6.276,-3.497204,0.0,1.0,1.0,1.0,3.0,48.0,8.0,1.0,0.0,8.0,1.0,0.01086508,-8.72458,736.3039,0
7.1755,4.293819,14.32553,0.0,-0.9422949,0.004917924,-6.215403,-4.040839,0.0,0.0,0.0,0.0,3.0,56.0,0.0,0.0,0.0,0.0,0.0,0.0,-5.885403,802.2298,0
7.1409,3.512085,16.42235,0.0,-3.07602,0.0,-9.59286,-2.987458,0.0,0.0,0.0,1.0,3.0,8.0,0.0,0.0,1.0,0.0,0.0,0.0,-9.59286,131.3788,0
3.3083,2.238875,19.74508,0.0,-1.973784,0.04741092,-11.56096,-3.274609,0.0,0.0,0.0,0.0,2.0,54.0,0.0,0.0,1.0,0.0005654,3.141111e-05,5.302774e-07,-8.926698,1066.234,0
0.0,6.034018,15.22716,0.0,1.174419,0.08587447,-19.95347,-3.513051,0.0,1.0,1.0,0.0,2.0,6.0,1.0,1.0,1.0,2.0,2.0,0.02189071,-19.95347,91.36296,0
7.2887,4.574258,13.44726,0.0,-1.057716,0.0,-6.220321,-4.045757,1.0,0.0,0.0,1.0,3.0,28.0,0.0,0.0,0.0,0.0,0.0,0.0,-11.01314,376.5233,0
2.8622,8.110706,10.96583,0.0,1.355451,0.0,-17.35041,-4.158416,1.0,1.0,0.0,1.0,2.0,4.0,1.0,1.0,1.0,6.967645,6.967645,0.158849,-17.35041,43.86333,0
0.0,8.11896,12.4633,0.0,3.630366,1.429242,-13.81307,1.429242,0.0,0.0,1.0,0.0,2.0,4.0,0.0,0.0,1.0,0.0010898,0.0005449,2.186019e-05,-3.974783,49.85319,0
7.7003,4.461929,13.79046,0.0,-1.99369,0.0,-6.148106,-3.930722,0.0,0.0,0.0,1.0,3.0,24.0,0.0,0.0,0.0,0.0,0.0,0.0,-11.11919,330.971,0
1.635,6.715813,17.68063,0.0,1.476892,0.0,-10.146,-3.608952,0.0,0.0,0.0,1.0,2.0,4.0,0.0,0.0,0.0,0.0,0.0,0.0,-27.76034,70.72251,0
6.9955,3.566956,16.19083,0.0,-2.815371,0.0,-5.528872,-3.433843,1.0,0.0,0.0,1.0,3.0,9.0,0.0,0.0,0.0,0.0,0.0,0.0,-9.535523,145.7175,0
0.0,2.130359,17.61805,0.0,-1.099024,0.5825936,-7.597245,0.5407608,0.0,1.0,1.0,0.0,4.0,15.0,2.0,3.0,0.0,1.999994,1.999994,0.007567977,-7.452845,264.2707,0
5.9374,5.292311,14.77161,0.0,-1.254364,0.0,-6.679017,-4.162882,0.0,0.0,0.0,1.0,3.0,44.0,0.0,0.0,0.0,0.0,0.0,0.0,-13.32997,649.9508,0
0.0,3.720527,15.07663,0.0,1.455911,0.06794873,-10.46494,-3.019204,0.0,1.0,1.0,0.0,2.0,5.0,1.0,1.0,0.0,0.9899506,0.9899506,0.01313225,-6.36971,75.38316,0
6.6538,2.618926,19.44106,0.0,-4.25852,0.01204044,-10.15682,-4.09057,1.0,0.0,0.0,0.0,3.0,8.0,0.0,0.0,1.0,0.0,0.0,0.0,-10.15682,155.5285,0
0.0,16.62853,9.996755,0.0,9.968663,1.133216,-29.69578,1.073901,0.0,0.0,1.0,0.0,2.0,2.0,0.0,0.0,1.0,0.0001192,0.0001192,5.961934e-06,-9.211064,19.99351,0
4.9199,5.966362,13.63061,0.0,3.446056,0.1443034,-14.14468,-4.365745,0.0,0.0,0.0,0.0,2.0,24.0,0.0,0.0,1.0,4.08e-05,6.8e-06,1.247193e-07,-6.668999,327.1347,0
7.5699,3.977199,12.5012,0.0,-1.031958,0.001682851,-6.185994,-4.043794,0.0,0.0,0.0,0.0,3.0,56.0,0.0,0.0,0.0,0.0008076,0.00010095,1.153604e-06,-5.855994,700.0671,0
0.0,8.176677,8.738189,0.0,8.909362,0.6127364,-13.94794,0.6127364,0.0,0.0,1.0,0.0,2.0,6.0,0.0,0.0,1.0,0.0255863,0.01279315,0.0004880169,-7.795728,52.42913,0
0.0,6.314966,15.3489,0.0,7.739925,0.001825152,-8.348996,-4.082099,0.0,1.0,1.0,0.0,3.0,6.0,2.0,1.0,1.0,2.0,0.9999999,0.02171708,-17.40907,92.09339,0
6.9521,3.713006,13.3907,0.0,-1.018442,0.009462783,-6.178214,-4.036014,0.0,0.0,0.0,0.0,3.0,56.0,0.0,0.0,0.0,0.0044868,0.00056085,5.983363e-06,-5.848214,749.8792,0
