band_gap,density,density_atomic,deprecated,efermi,energy_above_hull,energy_per_atom,formation_energy_per_atom,is_gap_direct,is_magnetic,is_metal,is_stable,nelements,nsites,num_magnetic_sites,num_unique_magnetic_sites,theoretical,total_magnetization,total_magnetization_normalized_formula_units,total_magnetization_normalized_vol,uncorrected_energy_per_atom,volume,target
0.0,2.303328,11.55608,0.0,4.887903,2.288662,-6.091108,2.18672,0.0,0.0,1.0,0.0,2.0,4.0,0.0,0.0,1.0,1.01e-05,1.01e-05,2.184997e-07,-6.091108,46.22433,1
0.0,13.59286,17.70153,0.0,6.429876,1.468778,-39.36297,1.356319,0.0,0.0,1.0,0.0,2.0,4.0,0.0,0.0,0.0,0.0021297,0.0021297,3.007791e-05,-9.735898,70.80611,1
3.2288,13.73253,9.269816,0.0,9.236815,1.184269,-25.16206,-2.898733,0.0,0.0,0.0,0.0,3.0,12.0,0.0,0.0,1.0,0.0028589,0.00142945,2.57008e-05,-8.200421,111.2378,1
3.1985,13.86956,9.224696,0.0,9.204095,1.166846,-25.3594,-2.922061,0.0,0.0,0.0,0.0,3.0,12.0,0.0,0.0,1.0,5.37e-05,2.685e-05,4.851108e-07,-8.220044,110.6964,1
0.0,4.626233,34.00697,0.0,2.041524,1.848389,-19.81036,1.012616,0.0,0.0,1.0,0.0,3.0,5.0,0.0,0.0,0.0,0.0067213,0.0067213,3.952895e-05,-4.12775,170.0349,1
0.0,4.414446,34.88594,0.0,2.139976,1.861269,-19.79912,1.015426,0.0,0.0,1.0,0.0,3.0,5.0,0.0,0.0,1.0,0.0062381,0.0062381,3.576283e-05,-4.137035,174.4297,1
3.2045,14.03404,9.149617,0.0,9.294322,1.162626,-25.57406,-2.937451,0.0,0.0,0.0,0.0,3.0,12.0,0.0,0.0,1.0,5.7e-06,2.85e-06,5.191474e-08,-8.217749,109.7954,1
0.0,2.301602,8.665373,0.0,4.734072,1.306077,-7.922589,1.306077,0.0,1.0,1.0,0.0,1.0,4.0,3.0,1.0,1.0,0.0014552,0.0003638,4.198319e-05,-7.922589,34.66149,1
0.0,4.996838,32.70462,0.0,1.851895,1.970403,-20.01013,1.001796,0.0,0.0,1.0,0.0,3.0,5.0,0.0,0.0,1.0,0.0045684,0.0045684,2.793733e-05,-4.093708,163.5231,1
0.0,5.140392,33.36691,0.0,1.788733,1.73394,-20.97165,0.793462,0.0,0.0,1.0,0.0,3.0,5.0,0.0,0.0,0.0,0.0006871,0.0006871,4.118452e-06,-4.180874,166.8345,1
0.0,2.83339,16.69295,0.0,2.510173,0.9216357,-7.305142,0.4754249,0.0,1.0,1.0,0.0,2.0,2.0,1.0,1.0,1.0,1.000244,1.000244,0.02996006,-7.305142,33.38591,1
0.0,11.13374,13.02781,0.0,8.623606,0.6474366,-9.379922,0.5363254,0.0,0.0,1.0,0.0,2.0,3.0,0.0,0.0,1.0,0.0019984,0.0019984,5.113166e-05,-9.379922,39.08342,1
0.0,4.106961,20.40145,0.0,2.063102,0.8105842,-7.353164,0.5157148,0.0,0.0,1.0,0.0,2.0,2.0,0.0,0.0,1.0,0.0135469,0.0135469,0.0003320083,-7.353164,40.80289,1
0.0,6.705267,22.80677,0.0,3.226606,2.33223,-19.06269,1.987772,0.0,0.0,1.0,0.0,3.0,3.0,0.0,0.0,1.0,0.0043231,0.0043231,6.318444e-05,-3.629779,68.42032,1
0.0,12.54017,23.96069,0.0,3.280537,1.211238,-47.3806,1.211238,0.0,0.0,1.0,0.0,1.0,22.0,0.0,0.0,1.0,0.2761434,0.01255197,0.0005238569,-10.64654,527.1352,1
0.0,3.356186,15.86479,0.0,8.178968,1.301283,-6.733716,1.301283,0.0,0.0,1.0,0.0,1.0,1.0,0.0,0.0,0.0,1.2e-06,1.2e-06,7.563919e-08,-2.835167,15.86479,1
0.0,3.18947,15.27481,0.0,3.479119,1.552782,-9.466787,0.6752687,0.0,0.0,1.0,0.0,2.0,2.0,0.0,0.0,0.0,0.0071934,0.0071934,0.0002354661,-6.566714,30.54962,1
0.0,14.49704,19.87658,0.0,11.95263,0.6647268,-57.98201,0.5237769,0.0,0.0,1.0,0.0,2.0,8.0,0.0,0.0,1.0,1.150851,0.5754257,0.007237485,-7.436255,159.0126,1
0.0,10.2308,20.56821,0.0,3.327184,3.415863,-5.496299,2.918989,0.0,0.0,1.0,0.0,3.0,5.0,0.0,0.0,0.0,0.0245788,0.0245788,0.0002389979,-5.496299,102.8411,1
0.0,12.00814,14.54047,0.0,13.82124,2.037993,-33.3604,0.1900023,0.0,0.0,1.0,0.0,2.0,62.0,0.0,0.0,1.0,0.0427376,0.0213688,4.740673e-05,-6.044493,901.5091,1
0.0,6.058692,20.64478,0.0,1.559278,2.237165,-5.97806,1.985835,0.0,1.0,1.0,0.0,3.0,5.0,5.0,3.0,1.0,11.66638,11.66638,0.1130202,-5.90586,103.2239,1
0.0,7.40242,12.33183,0.0,7.202707,1.860844,-8.27734,1.314624,0.0,0.0,1.0,0.0,2.0,4.0,0.0,0.0,0.0,0.0043227,0.00216135,8.763297e-05,-8.09684,49.32732,1
0.0,9.638882,28.00525,0.0,4.203795,1.552672,-37.17661,1.552672,0.0,1.0,1.0,0.0,2.0,2.0,1.0,1.0,1.0,1.059319,1.059319,0.01891287,-37.17661,56.01049,1
0.0,1.853233,29.60718,0.0,2.085557,1.160129,-7.894437,-0.04529493,0.0,0.0,1.0,0.0,3.0,5.0,0.0,0.0,1.0,0.0035256,0.0035256,2.381585e-05,-3.811278,148.0359,1
0.0,2.191777,31.6932,0.0,1.824992,1.332138,-8.950436,0.03979701,0.0,0.0,1.0,0.0,3.0,5.0,0.0,0.0,1.0,0.002728,0.002728,1.721505e-05,-3.564023,158.466,1
0.0,1.981582,10.48296,0.0,2.922383,3.193112,-5.812956,3.193112,0.0,1.0,1.0,0.0,2.0,32.0,1.0,6.0,1.0,3.594679,0.4493349,0.01071584,-5.722706,335.4547,1
0.0,2.254861,38.35177,0.0,0.1233915,2.120729,-2.626518,2.103167,0.0,1.0,1.0,0.0,2.0,11.0,5.0,2.0,1.0,14.0,14.0,0.03318563,-2.626518,421.8694,1
0.0,5.469897,15.10483,0.0,3.348754,2.018678,-9.392446,2.018678,0.0,1.0,1.0,0.0,2.0,5.0,5.0,3.0,0.0,5.002412,5.002412,0.06623591,-4.248205,75.52417,1
0.0,12.68009,13.49326,0.0,7.733912,1.615826,-7.009465,0.8665872,0.0,0.0,1.0,0.0,3.0,4.0,0.0,0.0,1.0,0.1010605,0.1010605,0.001872425,-6.855965,53.97306,1
0.0,10.28991,9.870216,0.0,14.35267,0.1744354,-8.084808,-1.094605,0.0,0.0,1.0,0.0,2.0,46.0,0.0,0.0,1.0,0.0,0.0,0.0,-7.822373,454.0299,1
0.0,26.58134,15.24271,0.0,19.41418,0.5457433,-85.8106,0.5457433,0.0,0.0,1.0,0.0,1.0,1.0,0.0,0.0,0.0,0.0006442,0.0006442,4.226283e-05,-13.7221,15.24271,1
0.0,4.2281189999999995,13.56818,0.0,0.37450534999999996,3.061025,-3.7009135,1.3081795,0.0,0.5,1.0,0.0,3.0,5.0,0.5,0.5,0.0,0.36248895,0.36248895,0.005578985295,-3.2887135,67.84090499999999,1
0.0,4.667509,13.33098,0.0,1.359028,2.853647,-4.149375,2.191162,0.0,0.0,1.0,0.0,4.0,4.0,0.0,0.0,0.0,0.0018814,0.0018814,3.528248e-05,-3.887375,53.32392,1
0.0,11.57422,25.23244,0.0,6.940311,0.5907158,-5.81894,0.4900347,0.0,0.0,1.0,0.0,2.0,3.0,0.0,0.0,0.0,3.09e-05,3.09e-05,4.082048e-07,-52.05178,75.69731,1
0.0,4.189327,22.33378,0.0,1.369121,2.06271,-13.85988,1.603114,0.0,1.0,1.0,0.0,3.0,5.0,5.0,3.0,0.0,12.22803,12.22803,0.1095026,-6.816064,111.6689,1
0.0,0.9067424,23.29374,0.0,-0.5011198,1.357456,-3.349188,1.017398,0.0,1.0,1.0,0.0,3.0,4.0,1.0,1.0,1.0,0.1137106,0.1137106,0.001220399,-2.267325,93.17496,1
0.0,5.822759,24.2636,0.0,4.102196,2.037442,-2.722531,1.400275,0.0,0.0,1.0,0.0,3.0,3.0,0.0,0.0,1.0,0.0068781,0.0068781,9.449134e-05,-2.517864,72.7908,1
0.0,5.889082,13.2692,0.0,6.091095,1.378093,-7.715624,0.9092109,0.0,1.0,1.0,0.0,2.0,18.0,16.0,3.0,0.0,3.392877,1.696438,0.01420532,-6.128179,238.8455,1
0.0,11.27716,15.93179,0.0,7.185502,2.112441,-3.687627,2.112441,0.0,0.0,1.0,0.0,2.0,2.0,0.0,0.0,0.0,0.0001122,0.0001122,3.521262e-06,-3.687627,31.86357,1
0.0,2.886298,25.86394,0.0,3.010822,0.7194539,-10.67903,0.7194539,0.0,1.0,1.0,0.0,1.0,1.0,1.0,1.0,1.0,0.8532308,0.8532308,0.0329892,-5.613015,25.86394,1
0.0,7.82937,12.71262,0.0,3.829746,2.241656,-3.794146,2.241656,0.0,0.0,1.0,0.0,2.0,2.0,0.0,0.0,1.0,0.0003218,0.0003218,1.265672e-05,-3.794146,25.42524,1
0.0,2.803408,27.95557,0.0,2.098269,1.369109,-2.630498,1.290938,0.0,0.0,1.0,0.0,3.0,3.0,0.0,0.0,1.0,0.0130762,0.0130762,0.0001559165,-2.630498,83.8667,1
0.0,9.300462,17.11385,0.0,3.999252,2.139856,-26.21569,1.600386,0.0,0.0,1.0,0.0,3.0,3.0,0.0,0.0,1.0,0.0036438,0.0036438,7.097174e-05,-8.286179,51.34156,1
0.0,9.155128,21.90248,0.0,3.249237,2.046539,-28.83623,2.046539,0.0,1.0,1.0,0.0,3.0,4.0,2.0,1.0,1.0,4.756876,4.756876,0.0542961,-4.928729,87.6099,1
0.0,4.784525,16.22589,0.0,2.754058,1.987055,-11.88106,1.691358,0.0,1.0,1.0,0.0,2.0,5.0,5.0,3.0,0.0,7.742492,7.742492,0.09543383,-7.184062,81.12943,1
0.0,9.942268,26.05772,0.0,5.988753,1.808805,-4.576724,1.134144,0.0,0.0,1.0,0.0,3.0,3.0,0.0,0.0,1.0,0.0002232,0.0002232,2.8552e-06,-4.398724,78.17315,1
0.0,2.184241,16.07141,0.0,2.37069,1.279283,-7.550359,0.9717307,0.0,1.0,1.0,0.0,3.0,32.0,2.0,1.0,0.0,1.917826,0.9589131,0.00372911,-7.347297,514.2852,1
0.0,3.711927,26.27799,0.0,2.98733,1.550996,-3.511698,1.162864,0.0,0.0,1.0,0.0,3.0,3.0,0.0,0.0,1.0,0.0038316,0.0038316,4.86034e-05,-3.511698,78.83398,1
0.0,2.723172,45.9066,0.0,0.7436674,1.501555,-15.85409,1.501555,0.0,1.0,1.0,0.0,2.0,4.0,1.0,1.0,1.0,4.948538,4.948538,0.02694894,-2.570777,183.6264,1
0.0,5.223436,16.07972,0.0,4.306311,0.845551,-7.283956,0.6781759,0.0,1.0,1.0,0.0,3.0,3.0,2.0,2.0,1.0,0.0043615,0.0043615,9.041408e-05,-7.283956,48.23917,1
0.0,3.690811,26.24271,0.0,2.012232,2.41415,-5.551798,2.342979,0.0,1.0,1.0,0.0,3.0,5.0,4.0,2.0,0.0,11.68343,11.68343,0.08904136,-5.551798,131.2135,1
0.0,7.554605,17.65876,0.0,2.975038,1.311347,-21.56616,1.012203,0.0,0.0,1.0,0.0,3.0,3.0,0.0,0.0,1.0,0.0095595,0.0095595,0.0001804487,-6.37026,52.97627,1
0.0,14.61161,21.90995,0.0,6.436086,1.012601,-51.81567,0.8050667,0.0,0.0,1.0,0.0,3.0,3.0,0.0,0.0,1.0,0.000879,0.000879,1.337292e-05,-8.103724,65.72985,1
0.0,8.422943,21.62585,0.0,3.679931,2.052573,-5.308058,1.513707,0.0,0.0,1.0,0.0,3.0,3.0,0.0,0.0,1.0,0.0030091,0.0030091,4.638122e-05,-5.308058,64.87755,1
0.0,5.049622,15.79998,0.0,2.66115,1.937313,-6.121132,1.784563,0.0,1.0,1.0,0.0,3.0,5.0,5.0,3.0,0.0,10.99039,10.99039,0.1391189,-6.048932,78.99992,1
0.0,9.686891,24.11404,0.0,5.721675,2.127636,-37.0002,1.884797,0.0,1.0,1.0,0.0,3.0,3.0,1.0,1.0,1.0,2.35071,2.35071,0.03249434,-5.479726,72.34213,1
0.0,6.809986,16.00404,0.0,2.205634,1.44765,-4.518282,1.320139,0.0,0.0,1.0,0.0,3.0,3.0,0.0,0.0,1.0,0.0007536,0.0007536,1.569604e-05,-4.518282,48.01213,1
0.0,8.495343,18.13617,0.0,5.342468,1.453632,-20.47295,0.8201777,0.0,1.0,1.0,0.0,3.0,4.0,1.0,1.0,1.0,0.1324585,0.1324585,0.001825888,-3.929817,72.5447,1
0.0,3.019897,8.249215,0.0,2.8544,3.07493,-4.271405,1.749959,0.0,0.0,1.0,0.0,2.0,4.0,0.0,0.0,1.0,0.0394479,0.0394479,0.001195505,-3.756155,32.99686,1
0.0,15.00745,13.11875,0.0,11.2985,0.4497191,-10.10961,0.4497191,0.0,0.0,1.0,0.0,2.0,6.0,0.0,0.0,0.0,0.0096221,0.00481105,0.0001222436,-10.10961,78.7125,1
0.0,19.77543,19.98724,0.0,14.15188,0.3715774,-79.57046,0.3715774,0.0,1.0,1.0,0.0,1.0,1.0,1.0,1.0,1.0,1.04053,1.04053,0.05205971,-10.91983,19.98724,1
0.0,5.04059,24.41288,0.0,2.982609,1.575022,-15.46948,1.575022,0.0,1.0,1.0,0.0,3.0,4.0,2.0,1.0,1.0,1.07227,1.07227,0.01098058,-4.228635,97.65151,1
0.0,6.49801,16.34238,0.0,6.557387,1.813238,-17.66468,1.762802,0.0,0.0,1.0,0.0,3.0,4.0,0.0,0.0,1.0,0.024362,0.024362,0.0003726814,-3.430857,65.36952,1
0.0,10.19298,22.16274,0.0,10.04788,0.0,-48.30346,-0.738405,0.0,1.0,1.0,1.0,2.0,8.0,4.0,1.0,0.0,23.58504,5.89626,0.1330219,-48.30346,177.3019,1
0.0,4.93352,33.95831,0.0,1.994498,1.49927,-4.103017,1.225618,0.0,0.0,1.0,0.0,3.0,5.0,0.0,0.0,0.0,0.0005476,0.0005476,3.225131e-06,-4.103017,169.7915,1
0.0,10.26609,14.48402,0.0,9.283809,1.818772,-5.320041,1.034857,0.0,0.0,1.0,0.0,3.0,4.0,0.0,0.0,1.0,0.0031242,0.0031242,5.392493e-05,-5.013041,57.93609,1
0.0,10.24809,18.12982,0.0,5.488276,1.345084,-3.858187,0.972036,0.0,0.0,1.0,0.0,3.0,3.0,0.0,0.0,1.0,0.0686475,0.0686475,0.001262147,-3.680187,54.38946,1
0.0,5.070189,20.77387,0.0,2.624162,1.414002,-10.73171,1.414002,0.0,0.0,1.0,0.0,2.0,4.0,0.0,0.0,1.0,0.0005376,0.0005376,6.469665e-06,-1.344143,83.09549,1
0.0,3.446237,22.94752,0.0,3.059772,0.9765377,-4.628624,0.8983675,0.0,0.0,1.0,0.0,3.0,3.0,0.0,0.0,1.0,0.0002658,0.0002658,3.860984e-06,-4.628624,68.84255,1
0.0,17.12525,20.52779,0.0,14.26598,0.3890791,-70.2508,0.1611041,0.0,1.0,1.0,0.0,2.0,4.0,3.0,1.0,0.0,15.7688,15.7688,0.1920421,-11.10503,82.11117,1
0.0,13.39997,8.683909,0.0,9.44608,1.530159,-8.785017,1.516798,0.0,0.0,1.0,0.0,2.0,3.0,0.0,0.0,1.0,0.0001635,0.0001635,6.275976e-06,-8.785017,26.05173,1
0.0,7.216164,14.31558,0.0,3.140177,2.008669,-3.085669,2.008669,0.0,0.0,1.0,0.0,2.0,2.0,0.0,0.0,1.0,0.0063349,0.0063349,0.000221259,-3.085669,28.63115,1
0.0,1.296113,16.02703,0.0,-0.7921307,2.097223,-6.908845,2.097223,0.0,0.0,1.0,0.0,2.0,4.0,0.0,0.0,1.0,0.2112334,0.2112334,0.003294955,-6.818595,64.10812,1
0.0,1.409589,45.18592,0.0,-0.15619,2.2573,-4.72992,1.056955,0.0,1.0,1.0,0.0,2.0,3.0,1.0,1.0,1.0,0.2512439,0.2512439,0.001853408,-4.394587,135.5578,1
0.0,6.673621,26.23121,0.0,4.547789,0.0,-4.723562,-0.2876603,0.0,1.0,1.0,1.0,3.0,4.0,1.0,1.0,1.0,7.075364,7.075364,0.0674327,-21.81997,104.9248,1
0.0,16.00804,22.74178,0.0,11.84625,0.3016377,-70.18232,0.3016377,0.0,0.0,1.0,0.0,2.0,4.0,0.0,0.0,1.0,0.0133061,0.0133061,0.0001462737,-10.07389,90.96713,1
0.0,5.126462,33.32826,0.0,1.852828,1.506786,-4.100074,1.212166,0.0,0.0,1.0,0.0,3.0,5.0,0.0,0.0,0.0,0.0009683,0.0009683,5.810684e-06,-4.100074,166.6413,1
0.0,12.34611,17.89582,0.0,7.164991,1.511013,-5.996373,1.004198,0.0,0.0,1.0,0.0,2.0,4.0,0.0,0.0,1.0,6.92e-05,3.46e-05,9.667061e-07,-5.729373,71.58329,1
0.0,10.14944,22.63967,0.0,3.527966,1.538287,-5.190074,1.166402,0.0,0.0,1.0,0.0,3.0,3.0,0.0,0.0,1.0,0.0392041,0.0392041,0.0005772184,-5.190074,67.919,1
0.0,1.774536,49.17448,0.0,0.4733752,1.141156,-9.556061,1.141156,0.0,1.0,1.0,0.0,2.0,8.0,2.0,1.0,1.0,10.21942,5.109709,0.02597744,-2.216969,393.3958,1
0.0,4.552897,27.23333,0.0,2.2024,1.442161,-4.180513,1.393307,0.0,1.0,1.0,0.0,2.0,2.0,1.0,1.0,1.0,1.999829,1.999829,0.03671657,-4.180513,54.46666,1
0.0,5.676184,17.12412,0.0,4.665967,1.539854,-2.836821,0.8959181,0.0,0.0,1.0,0.0,3.0,4.0,0.0,0.0,1.0,0.0072424,0.0072424,0.0001057339,-2.600821,68.49648,1
0.0,11.32903,15.76088,0.0,10.09373,0.7827496,-6.541394,0.7827496,0.0,0.0,1.0,0.0,2.0,4.0,0.0,0.0,1.0,0.0021723,0.0021723,3.445716e-05,-6.446644,63.04351,1
0.0,5.920541,10.87564,0.0,5.04567,0.7959786,-9.191795,0.7959786,0.0,0.0,1.0,0.0,2.0,2.0,0.0,0.0,1.0,0.0001634,0.0001634,7.512204e-06,-5.241372,21.75127,1
0.0,6.540965,19.28575,0.0,5.674859,1.878685,-5.053917,1.153556,0.0,0.0,1.0,0.0,3.0,4.0,0.0,0.0,1.0,0.1488122,0.1488122,0.001929043,-4.935917,77.14302,1
0.0,7.383765,15.90153,0.0,8.52374,1.947322,-17.06538,1.046229,0.0,0.0,1.0,0.0,3.0,4.0,0.0,0.0,1.0,0.0289762,0.0289762,0.0004555567,-4.4372,63.60614,1
0.0,2.333813,8.545775,0.0,5.408079,1.256078,-7.972588,1.256078,0.0,0.0,1.0,0.0,1.0,8.0,0.0,0.0,1.0,0.0002641,3.30125e-05,3.86302e-06,-7.972588,68.3662,1
0.0,12.05514,21.02078,0.0,5.737949,1.555516,-4.649832,0.9147802,0.0,0.0,1.0,0.0,3.0,3.0,0.0,0.0,1.0,0.0323716,0.0323716,0.000513327,-4.471832,63.06233,1
0.0,19.19484,15.90393,0.0,6.503475,0.4714278,-50.89637,0.4714278,0.0,0.0,1.0,0.0,1.0,1.0,0.0,0.0,1.0,3e-07,3e-07,1.886326e-08,-12.4867,15.90393,1
0.0,12.44902,16.27649,0.0,8.809855,0.6442323,-7.952429,0.3688325,0.0,0.0,1.0,0.0,2.0,2.0,0.0,0.0,1.0,9.79e-05,9.79e-05,3.007406e-06,-7.952429,32.55297,1
0.0,9.34062,27.07886,0.0,10.18115,0.0,-7.149314,-0.3680798,0.0,1.0,1.0,1.0,2.0,8.0,2.0,2.0,1.0,10.43452,5.217262,0.0481673,-41.31434,216.6309,1
0.0,7.935749,18.31834,0.0,3.387141,1.6495,-19.91236,1.466883,0.0,0.0,1.0,0.0,3.0,3.0,0.0,0.0,1.0,0.1809269,0.1809269,0.003292273,-19.91236,54.95501,1
0.0,10.02685,17.66446,0.0,7.73641,1.64461,-24.76111,1.467429,0.0,0.0,1.0,0.0,3.0,4.0,0.0,0.0,1.0,0.0010133,0.0010133,1.434095e-05,-4.681246,70.65783,1
0.0,18.34786,21.38415,0.0,14.36298,0.2168953,-78.95364,0.2168953,0.0,1.0,1.0,0.0,2.0,4.0,3.0,2.0,1.0,1.982689,1.982689,0.02317942,-10.63033,85.53659,1
0.0,6.020003,29.83282,0.0,1.713198,1.87665,-3.890211,1.445269,0.0,0.0,1.0,0.0,3.0,5.0,0.0,0.0,0.0,6.6e-06,6.6e-06,4.424656e-08,-3.890211,149.1641,1
0.0,5.51804,31.04194,0.0,1.925455,1.786531,-3.945756,1.431811,0.0,0.0,1.0,0.0,3.0,5.0,0.0,0.0,0.0,0.0001463,0.0001463,9.425956e-07,-3.945756,155.2097,1
0.0,12.33584,14.61684,0.0,6.044543,1.794441,-27.83391,1.686917,0.0,0.0,1.0,0.0,3.0,4.0,0.0,0.0,1.0,0.0023746,0.0023746,4.061411e-05,-4.672477,58.46736,1
0.0,11.20116,18.69594,0.0,4.947134,1.216871,-30.58554,1.167627,0.0,1.0,1.0,0.0,3.0,4.0,3.0,2.0,1.0,0.5045341,0.5045341,0.006746572,-7.508734,74.78377,1
0.0,3.244297,20.93663,0.0,4.370939,0.8942427,-10.32209,0.5471105,0.0,1.0,1.0,0.0,2.0,3.0,2.0,2.0,1.0,2.995355,2.995355,0.04768922,-5.939697,62.8099,1
0.0,9.900044,26.79891,0.0,4.643643,1.451803,-3.924228,0.777142,0.0,0.0,1.0,0.0,3.0,3.0,0.0,0.0,1.0,7.1e-05,7.1e-05,8.831204e-07,-3.746228,80.39674,1
0.1114,4.929912,15.14498,0.0,7.693905,0.008503763,-8.490394,-2.147113,0.0,1.0,0.0,0.0,5.0,76.0,16.0,4.0,1.0,16.0,4.0,0.01390073,-8.216605,1151.019,0
0.9763,4.339996,10.69379,0.0,5.031388,0.06112111,-9.612063,-2.128103,1.0,0.0,0.0,0.0,3.0,40.0,0.0,0.0,1.0,0.0006306,7.8825e-05,1.47422e-06,-9.330263,427.7516,0
0.0,4.4929,22.45571,0.0,4.640855,0.0,-6.602946,-1.914403,0.0,1.0,1.0,1.0,4.0,24.0,2.0,1.0,0.0,10.00389,5.001945,0.01856226,-6.30953,538.937,0
1.7227,4.339475,17.94463,0.0,2.578077,1.427667e-05,-14.78539,-2.108394,0.0,0.0,0.0,0.0,3.0,6.0,0.0,0.0,0.0,0.0,0.0,0.0,-14.78539,107.6678,0
0.1702,5.751801,22.63985,0.0,4.3486,0.0,-6.980032,-2.347533,1.0,1.0,0.0,1.0,5.0,145.0,24.0,3.0,0.0,10.83876,10.83876,0.003301703,-6.651873,3282.778,0
1.7451,4.299708,18.11059,0.0,2.509972,0.0,-14.7854,-2.108408,0.0,0.0,0.0,1.0,3.0,6.0,0.0,0.0,1.0,0.0,0.0,0.0,-14.7854,108.6636,0
0.443,4.634851,22.06661,0.0,4.786362,0.0,-6.598955,-1.917242,0.0,1.0,0.0,1.0,4.0,24.0,2.0,1.0,0.0,10.00229,5.001145,0.01888655,-6.305538,529.5987,0
1.0599,4.333506,10.7098,0.0,5.020619,0.06055492,-9.612629,-2.128669,1.0,0.0,0.0,0.0,3.0,40.0,0.0,0.0,1.0,1.12e-05,1.4e-06,2.614427e-08,-9.330829,428.3922,0
0.4784,4.856769,21.58127,0.0,4.756431,0.0,-6.584626,-1.915304,0.0,1.0,0.0,1.0,4.0,24.0,2.0,1.0,0.0,10.00194,5.00097,0.01931061,-6.291209,517.9505,0
1.0034,4.338424,10.69767,0.0,4.953838,0.05744288,-9.615741,-2.131781,1.0,0.0,0.0,0.0,3.0,40.0,0.0,0.0,1.0,0.0004536,5.67e-05,1.060044e-06,-9.333941,427.9066,0
0.9614,4.337377,10.70025,0.0,5.073912,0.06345976,-9.609725,-2.125764,0.0,0.0,0.0,0.0,3.0,40.0,0.0,0.0,1.0,0.0003517,4.39625e-05,8.2171e-07,-9.327925,428.0099,0
0.9737,4.334977,10.70617,0.0,5.05545,0.06018765,-9.612997,-2.129036,1.0,0.0,0.0,0.0,3.0,40.0,0.0,0.0,1.0,7.15e-05,8.9375e-06,1.669598e-07,-9.331197,428.2468,0
0.9376,4.338758,10.69684,0.0,5.05139,0.06304262,-9.610142,-2.126181,1.0,0.0,0.0,0.0,3.0,40.0,0.0,0.0,1.0,0.0001876,2.345e-05,4.384472e-07,-9.328342,427.8736,0
0.939,4.337233,10.7006,0.0,5.064386,0.05891703,-9.614267,-2.130307,1.0,0.0,0.0,0.0,3.0,40.0,0.0,0.0,1.0,0.0002521,3.15125e-05,5.889855e-07,-9.332467,428.0241,0
0.9964,4.330408,10.71747,0.0,4.980204,0.06112537,-9.612059,-2.128098,1.0,0.0,0.0,0.0,3.0,40.0,0.0,0.0,1.0,0.0005379,6.72375e-05,1.254727e-06,-9.330259,428.6987,0
0.0,4.588152,23.09744,0.0,5.901307,0.0,-6.592119,-1.928231,0.0,1.0,1.0,1.0,4.0,24.0,2.0,1.0,0.0,10.00204,5.001018,0.01804319,-6.298702,554.3385,0
0.9256,4.337164,10.70077,0.0,5.106981,0.06174318,-9.611441,-2.127481,1.0,0.0,0.0,0.0,3.0,40.0,0.0,0.0,1.0,0.0002475,3.09375e-05,5.782293e-07,-9.329641,428.0309,0
1.0338,4.329342,10.72011,0.0,4.992701,0.05997543,-9.613209,-2.129248,0.0,0.0,0.0,0.0,3.0,40.0,0.0,0.0,1.0,0.000701,8.7625e-05,1.634778e-06,-9.331409,428.8043,0
1.3442,5.503181,21.23899,0.0,4.250972,0.0,-5.720775,-1.932708,0.0,0.0,0.0,1.0,4.0,12.0,0.0,0.0,0.0,0.000739,0.0003695,2.899541e-06,-5.469275,254.8679,0
1.036,5.202772,22.37202,0.0,3.471273,0.0,-5.774416,-1.901995,0.0,0.0,0.0,1.0,4.0,16.0,0.0,0.0,0.0,2.3e-06,1.15e-06,6.425437e-09,-16.26047,357.9523,0
0.913,4.340028,10.69371,0.0,5.068931,0.06154139,-9.611643,-2.127682,1.0,0.0,0.0,0.0,3.0,40.0,0.0,0.0,1.0,3.1e-06,3.875e-07,7.24725e-09,-9.329843,427.7485,0
0.9356,4.336492,10.70243,0.0,4.994578,0.05672047,-9.616464,-2.132503,1.0,0.0,0.0,0.0,3.0,40.0,0.0,0.0,1.0,0.0004333,5.41625e-05,1.012153e-06,-9.334664,428.0973,0
1.7827,4.470128,22.68481,0.0,5.765368,0.0,-6.381715,-1.93996,0.0,0.0,0.0,1.0,4.0,24.0,0.0,0.0,0.0,0.0005648,0.0002824,1.037405e-06,-6.088299,544.4354,0
0.0,0.0,0.0,0.0,0.0,0.0,0.0,0.0,0.0,0.0,0.0,0.0,0.0,0.0,0.0,0.0,0.0,0.0,0.0,0.0,0.0,0.0,0
1.5886,4.622025,22.11913,0.0,4.283051,0.0,-6.246079,-1.839457,0.0,0.0,0.0,1.0,4.0,24.0,0.0,0.0,0.0,4.47e-05,2.235e-05,8.420314e-08,-5.952662,530.8591,0
1.0115,3.679368,23.05725,0.0,3.429432,0.0,-6.247078,-1.896804,0.0,0.0,0.0,1.0,4.0,16.0,0.0,0.0,0.0,0.0052921,0.00264605,1.4345e-05,-5.995578,368.916,0
4.202,3.124749,21.72502,0.0,1.084332,0.0,-6.570548,-1.858098,0.0,0.0,0.0,1.0,4.0,7.0,0.0,0.0,0.0,0.0010113,0.0010113,6.650003e-06,-6.291977,152.0751,0
0.0,5.095121,14.86713,0.0,7.692133,0.02633945,-8.596934,-2.182109,0.0,1.0,1.0,0.0,5.0,94.0,20.0,20.0,1.0,4.078372,2.039186,0.002918313,-8.323445,1397.51,0
1.9663,4.636836,23.19194,0.0,5.315822,0.0,-6.234212,-1.897146,0.0,0.0,0.0,1.0,4.0,24.0,0.0,0.0,0.0,0.0011942,0.0005971,2.145501e-06,-5.940795,556.6066,0
0.0,4.939397,23.73121,0.0,4.636716,0.03071876,-6.479009,-1.959927,0.0,1.0,1.0,0.0,4.0,18.0,2.0,1.0,0.0,8.000244,4.000122,0.01872883,-6.199565,427.1619,0
0.0,5.058261,23.4168,0.0,4.596074,0.05200144,-6.476549,-1.963539,0.0,1.0,1.0,0.0,4.0,18.0,2.0,1.0,0.0,7.999854,3.999927,0.01897938,-6.197104,421.5024,0
2.3802,5.4778,23.01859,0.0,2.231271,0.01667206,-5.808407,-1.982952,1.0,0.0,0.0,0.0,3.0,28.0,0.0,0.0,0.0,0.0,0.0,0.0,-17.86405,644.5205,0
0.0,2.985577,13.70851,0.0,2.268311,0.09590087,-6.845726,-1.89479,0.0,0.0,1.0,0.0,5.0,54.0,0.0,0.0,1.0,0.0028697,0.00143485,3.876613e-06,-6.438615,740.2595,0
1.8916,4.909333,25.05361,0.0,3.668902,0.0,-6.340477,-1.99259,1.0,0.0,0.0,1.0,3.0,100.0,0.0,0.0,0.0,0.0007814,0.00019535,3.118911e-07,-6.038677,2505.361,0
0.299,4.109867,11.29258,0.0,4.398029,0.07856684,-9.594618,-2.110657,0.0,0.0,0.0,0.0,3.0,20.0,0.0,0.0,1.0,0.0001273,3.1825e-05,5.636445e-07,-9.312818,225.8516,0
1.1476,2.955075,13.85001,0.0,1.978155,0.06727799,-6.874349,-1.923413,0.0,0.0,0.0,0.0,5.0,54.0,0.0,0.0,1.0,0.003066,0.001533,4.099477e-06,-6.467238,747.9004,0
0.267,3.066088,13.29538,0.0,2.712445,0.09312016,-6.872465,-2.004819,0.0,0.0,0.0,0.0,5.0,56.0,0.0,0.0,1.0,0.0034623,0.00173115,4.650246e-06,-6.479894,744.5412,0
2.0169,4.665431,21.5515,0.0,3.800514,0.02643984,-6.056151,-1.898542,0.0,0.0,0.0,0.0,4.0,24.0,0.0,0.0,0.0,0.0014902,0.0007451,2.881083e-06,-5.762734,517.2361,0
0.0,0.0,0.0,0.0,0.0,0.0,0.0,0.0,0.0,0.0,0.0,0.0,0.0,0.0,0.0,0.0,0.0,0.0,0.0,0.0,0.0,0.0,0
1.6357,4.769915,21.72353,0.0,4.376016,0.0,-6.24152,-1.841729,0.0,0.0,0.0,1.0,4.0,24.0,0.0,0.0,0.0,0.0006278,0.0003139,1.204148e-06,-5.948103,521.3646,0
0.0,0.0,0.0,0.0,0.0,0.0,0.0,0.0,0.0,0.0,0.0,0.0,0.0,0.0,0.0,0.0,0.0,0.0,0.0,0.0,0.0,0.0,0
1.7848,5.178478,23.75104,0.0,5.200088,0.09026565,-5.849764,-1.937555,1.0,0.0,0.0,0.0,3.0,14.0,0.0,0.0,1.0,0.0009203,0.00046015,2.767699e-06,-5.562335,332.5145,0
0.9799,4.907197,23.21155,0.0,3.44344,0.0,-5.789709,-1.907241,0.0,0.0,0.0,1.0,4.0,16.0,0.0,0.0,0.0,0.0024736,0.0012368,6.660478e-06,-5.538209,371.3848,0
0.0,5.268217,22.91209,0.0,4.506494,0.07187122,-6.462838,-1.960841,0.0,1.0,1.0,0.0,4.0,18.0,2.0,1.0,0.0,8.000304,4.000152,0.01939855,-6.183393,412.4177,0
1.3771,5.344516,21.94378,0.0,3.512914,0.1687797,-5.717994,-1.825086,0.0,0.0,0.0,0.0,3.0,14.0,0.0,0.0,1.0,0.000424,0.000212,1.38015e-06,-5.430566,307.213,0
1.6896,5.519366,22.74284,0.0,3.603928,0.09607282,-5.700826,-1.836577,1.0,0.0,0.0,0.0,3.0,14.0,0.0,0.0,1.0,0.0007051,0.00035255,2.214511e-06,-5.413397,318.3998,0
1.1575,5.612283,22.89719,0.0,3.878349,0.0,-5.791201,-1.957704,0.0,0.0,0.0,1.0,4.0,12.0,0.0,0.0,0.0,0.0,0.0,0.0,-17.84431,274.7663,0
1.647,5.358766,23.12923,0.0,3.611504,0.0967452,-17.67882,-1.814123,1.0,0.0,0.0,0.0,3.0,14.0,0.0,0.0,1.0,0.0006874,0.0003437,2.122855e-06,-5.412507,323.8092,0
2.5848,4.228247,22.61624,0.0,3.622464,0.01043717,-5.761476,-1.847278,0.0,0.0,0.0,0.0,5.0,24.0,0.0,0.0,0.0,3.83e-05,1.915e-05,7.05614e-08,-5.452726,542.7897,0
1.539,6.045119,28.27618,0.0,5.346779,0.0,-22.82714,-2.342295,0.0,0.0,0.0,1.0,2.0,40.0,0.0,0.0,1.0,0.0,0.0,0.0,-22.82714,1131.047,0
1.6557,5.015372,21.16676,0.0,4.390699,0.0,-6.223074,-1.835674,0.0,0.0,0.0,1.0,4.0,24.0,0.0,0.0,0.0,0.000531,0.0002655,1.045271e-06,-5.929657,508.0022,0
1.9184,4.910185,27.14435,0.0,2.062288,0.01638547,-5.109554,-1.887698,0.0,0.0,0.0,0.0,4.0,38.0,0.0,0.0,0.0,0.0001644,8.22e-05,1.593818e-07,-4.844817,1031.485,0
1.8688,6.181691,21.43304,0.0,3.752756,0.09967964,-5.66956,-1.842534,0.0,0.0,0.0,0.0,3.0,14.0,0.0,0.0,1.0,0.0011565,0.00057825,3.854196e-06,-5.382131,300.0626,0
1.7574,5.793741,22.1668,0.0,3.620379,0.09555281,-5.691595,-1.841506,1.0,0.0,0.0,0.0,3.0,14.0,0.0,0.0,1.0,0.0007127,0.00035635,2.296549e-06,-5.404166,310.3352,0
0.6451,4.88357,27.23231,0.0,2.192572,0.03319305,-6.104924,-1.889568,0.0,1.0,0.0,0.0,4.0,38.0,4.0,2.0,0.0,1e-07,5e-08,9.663442e-11,-5.840188,1034.828,0
0.0,4.377275,22.85899,0.0,6.364045,0.0,-6.738889,-2.015211,0.0,1.0,1.0,1.0,4.0,24.0,2.0,1.0,0.0,10.00318,5.001588,0.01823349,-6.445472,548.6157,0
0.0,6.111488,26.9347,0.0,7.325055,0.0,-6.190662,-2.248723,0.0,0.0,1.0,1.0,3.0,42.0,0.0,0.0,1.0,0.0043179,0.00215895,3.816903e-06,-5.920948,1131.257,0
0.0537,4.537422,22.93244,0.0,6.016455,0.04772283,-6.93189,-1.814509,0.0,1.0,0.0,0.0,4.0,24.0,4.0,2.0,0.0,19.76624,9.88312,0.0359139,-6.638473,550.3785,0
0.9555,5.067274,24.24044,0.0,3.294573,0.001067823,-8.127479,-1.904301,0.0,1.0,0.0,0.0,4.0,16.0,4.0,1.0,0.0,28.0,14.0,0.07219341,-7.875979,387.847,0
0.0,0.0,0.0,0.0,0.0,0.0,0.0,0.0,0.0,0.0,0.0,0.0,0.0,0.0,0.0,0.0,0.0,0.0,0.0,0.0,0.0,0.0,0
2.4395,5.053873,33.87855,0.0,2.111316,0.0,-5.562572,-2.119135,0.0,0.0,0.0,1.0,3.0,6.0,0.0,0.0,0.0,0.0,0.0,0.0,-22.85402,203.2713,0
1.7709,4.95788,22.137,0.0,3.959981,0.0,-16.30067,-1.748286,0.0,0.0,0.0,1.0,4.0,24.0,0.0,0.0,0.0,1e-07,5e-08,1.882218e-10,-16.30067,531.288,0
1.7497,6.047358,26.88131,0.0,3.300846,0.0,-20.98899,-2.246161,0.0,0.0,0.0,1.0,3.0,14.0,0.0,0.0,1.0,0.0,0.0,0.0,-20.98899,376.3384,0
0.0,4.929723,23.99342,0.0,4.625176,0.0,-6.624662,-2.034764,0.0,1.0,1.0,1.0,4.0,18.0,6.0,2.0,0.0,10.00049,5.000246,0.02315563,-6.345218,431.8816,0
0.0,0.0,0.0,0.0,0.0,0.0,0.0,0.0,0.0,0.0,0.0,0.0,0.0,0.0,0.0,0.0,0.0,0.0,0.0,0.0,0.0,0.0,0
1.8694,4.823287,23.62381,0.0,5.830357,0.0,-6.159107,-1.835331,0.0,0.0,0.0,1.0,4.0,24.0,0.0,0.0,0.0,0.0272321,0.01361605,4.803081e-05,-5.865691,566.9715,0
0.6719,3.675154,23.97794,0.0,2.257375,0.0474069,-13.59725,-1.928991,1.0,0.0,0.0,0.0,3.0,14.0,0.0,0.0,0.0,3.9e-05,1.95e-05,1.161782e-07,-6.0573,335.6911,0
1.8926,4.793256,27.49417,0.0,2.062521,0.0144399,-5.111467,-1.881115,0.0,0.0,0.0,0.0,4.0,38.0,0.0,0.0,0.0,0.0002123,0.00010615,2.03201e-07,-4.846731,1044.778,0
0.0,3.073938,13.23238,0.0,1.932567,0.07497875,-6.773494,-2.027431,0.0,0.0,1.0,0.0,5.0,58.0,0.0,0.0,1.0,2.000983,1.000492,0.002607219,-6.394459,767.4779,0
0.0,4.815273,24.30818,0.0,4.594953,0.0,-6.633788,-2.037818,0.0,1.0,1.0,1.0,4.0,18.0,2.0,1.0,0.0,0.0,0.0,0.0,-6.354343,437.5473,0
2.1957,3.623357,20.70878,0.0,4.009223,0.06773939,-12.61733,-1.823684,0.0,0.0,0.0,0.0,4.0,24.0,0.0,0.0,0.0,9.46e-05,4.73e-05,1.903379e-07,-6.172877,497.0108,0
0.0,0.0,0.0,0.0,0.0,0.0,0.0,0.0,0.0,0.0,0.0,0.0,0.0,0.0,0.0,0.0,0.0,0.0,0.0,0.0,0.0,0.0,0
0.0,4.988236,23.61309,0.0,4.165334,0.05063188,-6.299163,-1.928593,0.0,1.0,1.0,0.0,4.0,18.0,2.0,1.0,0.0,6.002317,3.001159,0.01412192,-6.019719,425.0356,0
1.7783,6.452788,25.88734,0.0,3.351715,0.01888268,-21.06013,-2.22331,0.0,0.0,0.0,0.0,3.0,14.0,0.0,0.0,1.0,0.0,0.0,0.0,-21.06013,362.4227,0
0.7486,6.626617,25.70156,0.0,3.263041,0.02430266,-24.92004,-2.179195,0.0,1.0,0.0,0.0,3.0,14.0,4.0,1.0,1.0,28.0,14.0,0.07781629,-8.178134,359.8218,0
1.4542,6.904818,25.85747,0.0,3.430805,0.02457547,-22.65358,-2.173472,0.0,0.0,0.0,0.0,2.0,40.0,0.0,0.0,1.0,0.0,0.0,0.0,-22.65358,1034.299,0
0.0,0.0,0.0,0.0,0.0,0.0,0.0,0.0,0.0,0.0,0.0,0.0,0.0,0.0,0.0,0.0,0.0,0.0,0.0,0.0,0.0,0.0,0
0.0,0.0,0.0,0.0,0.0,0.0,0.0,0.0,0.0,0.0,0.0,0.0,0.0,0.0,0.0,0.0,0.0,0.0,0.0,0.0,0.0,0.0,0
1.7524,6.205409,26.45158,0.0,3.256259,0.0,-20.98958,-2.242733,0.0,0.0,0.0,1.0,3.0,14.0,0.0,0.0,1.0,0.0,0.0,0.0,-20.98958,370.3221,0
0.0,4.983678,23.42816,0.0,6.066571,0.6749941,-6.874282,-2.02465,0.0,1.0,1.0,0.0,4.0,18.0,6.0,2.0,0.0,12.94169,6.470845,0.03068882,-6.594837,421.7069,0
0.0,5.019464,23.64602,0.0,6.112698,0.003311855,-6.015768,-2.044166,0.0,1.0,1.0,0.0,4.0,18.0,4.0,1.0,0.0,3.981104,1.990552,0.009353474,-5.736324,425.6284,0
1.5381,6.392818,27.44301,0.0,6.486567,0.0,0.0,0.0,1.0,0.0,0.0,0.0,3.0,68.0,0.0,0.0,1.0,1.05e-05,2.625e-06,5.626633e-09,0.0,1866.125,0
0.0,0.0,0.0,0.0,0.0,0.0,0.0,0.0,0.0,0.0,0.0,0.0,0.0,0.0,0.0,0.0,0.0,0.0,0.0,0.0,0.0,0.0,0
0.0,4.716984,21.79255,0.0,4.701083,0.03397923,-6.244784,-1.844895,0.0,1.0,1.0,0.0,4.0,24.0,2.0,1.0,0.0,4.001092,2.000546,0.007649962,-5.951368,523.0212,0
0.0,0.0,0.0,0.0,0.0,0.0,0.0,0.0,0.0,0.0,0.0,0.0,0.0,0.0,0.0,0.0,0.0,0.0,0.0,0.0,0.0,0.0,0
0.8069,7.174219,26.05992,0.0,3.049026,0.007600131,-23.91016,-2.172302,1.0,0.0,0.0,0.0,3.0,20.0,0.0,0.0,0.0,0.0,0.0,0.0,-23.91016,521.1985,0
1.733,5.388242,20.36192,0.0,4.68384,0.0,-6.188259,-1.821039,0.0,0.0,0.0,1.0,4.0,24.0,0.0,0.0,0.0,0.0012563,0.00062815,2.570771e-06,-5.894842,488.686,0
0.4845,6.469328,27.34767,0.0,5.415662,0.0,-23.63566,-2.317304,1.0,0.0,0.0,1.0,3.0,40.0,0.0,0.0,0.0,0.0,0.0,0.0,-23.63566,1093.907,0
1.2348,5.82487,24.0526,0.0,1.898501,0.0,-20.28102,-1.937485,1.0,0.0,0.0,1.0,3.0,14.0,0.0,0.0,0.0,0.0,0.0,0.0,-20.28102,336.7363,0
0.0,4.242491,27.77598,0.0,3.377279,0.0,-6.098611,-1.86277,0.0,1.0,1.0,1.0,3.0,24.0,4.0,1.0,0.0,20.0,5.0,0.03000194,-17.27331,666.6235,0
0.0,0.0,0.0,0.0,0.0,0.0,0.0,0.0,0.0,0.0,0.0,0.0,0.0,0.0,0.0,0.0,0.0,0.0,0.0,0.0,0.0,0.0,0
2.5372,3.886561,23.78197,0.0,3.354497,0.0,-6.253587,-1.778542,0.0,0.0,0.0,1.0,3.0,54.0,0.0,0.0,0.0,0.0,0.0,0.0,-14.58612,1284.226,0
2.3951,3.03682,13.41469,0.0,1.917563,0.02608298,-6.684636,-1.982611,0.0,0.0,0.0,0.0,5.0,58.0,0.0,0.0,1.0,0.0044616,0.0022308,5.734322e-06,-6.305601,778.0519,0
0.4935,6.987287,26.27259,0.0,3.382885,0.0,-24.27344,-2.189736,0.0,0.0,0.0,1.0,3.0,10.0,0.0,0.0,0.0,0.0,0.0,0.0,-24.27344,262.7259,0
0.0,5.111105,23.28617,0.0,4.243889,0.07144206,-6.297175,-1.932677,0.0,1.0,1.0,0.0,4.0,18.0,2.0,1.0,0.0,6.000974,3.000487,0.01431697,-6.017731,419.1511,0
0.2894,4.60403,23.71532,0.0,5.029479,0.0,-18.61799,-1.767199,0.0,1.0,0.0,1.0,3.0,14.0,4.0,2.0,0.0,28.0,14.0,0.08433368,-18.61799,332.0144,0
1.0769,5.578073,25.04902,0.0,6.864157,0.01100124,-6.183374,-1.872024,1.0,0.0,0.0,0.0,3.0,60.0,0.0,0.0,0.0,0.0189611,0.004740275,1.2616e-05,-5.881574,1502.941,0
0.3411,7.441711,24.75646,0.0,3.727857,0.0,-6.106274,-2.153582,1.0,0.0,0.0,1.0,2.0,20.0,0.0,0.0,0.0,0.0,0.0,0.0,-23.25813,495.1291,0
2.6869,2.968302,26.72042,0.0,2.77451,0.002405961,-12.64439,-1.690564,0.0,0.0,0.0,0.0,4.0,14.0,0.0,0.0,0.0,1.42e-05,7.1e-06,3.79592e-08,-5.47981,374.0859,0
1.8006,5.527438,20.11762,0.0,4.67867,0.0,-6.172331,-1.809983,0.0,0.0,0.0,1.0,4.0,24.0,0.0,0.0,0.0,0.0001506,7.53e-05,3.119156e-07,-5.878914,482.8229,0
