band_gap,density,density_atomic,deprecated,efermi,energy_above_hull,energy_per_atom,formation_energy_per_atom,is_gap_direct,is_magnetic,is_metal,is_stable,nelements,nsites,num_magnetic_sites,num_unique_magnetic_sites,theoretical,total_magnetization,total_magnetization_normalized_formula_units,total_magnetization_normalized_vol,uncorrected_energy_per_atom,volume,target
0.0,12.00814,14.54047,0.0,13.82124,2.037993,-33.3604,0.1900023,0.0,0.0,1.0,0.0,2.0,62.0,0.0,0.0,1.0,0.0427376,0.0213688,4.740673e-05,-6.044493,901.5091,1
0.0,1.920092,17.32075,0.0,2.070517,1.812929,-8.131244,-1.232889,0.0,0.0,1.0,0.0,2.0,36.0,0.0,0.0,1.0,1.000878,0.08340652,0.001605136,-6.103335,623.5471,1
0.0,3.427464,21.02556,0.0,2.687765,0.5769645,-8.669941,0.3773052,0.0,1.0,1.0,0.0,2.0,25.0,6.0,25.0,1.0,0.0367597,0.0367597,6.993336e-05,-3.658842,525.639,1
0.0,2.184241,16.07141,0.0,2.37069,1.279283,-7.550359,0.9717307,0.0,1.0,1.0,0.0,3.0,32.0,2.0,1.0,0.0,1.917826,0.9589131,0.00372911,-7.347297,514.2852,1
0.0,15.8102,22.01744,0.0,6.918499,0.4698654,-59.20669,0.01682781,0.0,1.0,1.0,0.0,3.0,4.0,1.0,1.0,1.0,0.3156776,0.3156776,0.003584404,-5.096521,88.06976,1
0.0,7.317335,15.67048,0.0,6.074619,0.5068632,-5.69807,-0.07039764,0.0,1.0,1.0,0.0,2.0,7.0,3.0,2.0,1.0,5.207723,5.207723,0.04747529,-5.428356,109.6934,1
0.0,3.536111,19.98533,0.0,3.668319,0.09972548,-9.057409,-0.08514418,0.0,0.0,1.0,0.0,2.0,3.0,0.0,0.0,1.0,0.0016009,0.0016009,2.670126e-05,-4.121651,59.95598,1
0.0,0.0,0.0,0.0,0.0,0.0,0.0,0.0,0.0,0.0,0.0,0.0,0.0,0.0,0.0,0.0,0.0,0.0,0.0,0.0,0.0,0.0,1
0.0,3.927478,18.16177,0.0,4.857122,0.6530781,-7.250911,0.03783357,0.0,1.0,1.0,0.0,2.0,2.0,1.0,1.0,1.0,2.655186,2.655186,0.07309822,-7.250911,36.32354,1
0.0,12.81467,19.93942,0.0,8.967134,0.2207309,-45.72981,-0.03740082,0.0,1.0,1.0,0.0,2.0,8.0,4.0,3.0,1.0,4.327587,1.081897,0.02712959,-7.098648,159.5154,1
1.0087,2.215029,18.36076,0.0,1.905993,0.0,0.0,0.0,1.0,0.0,0.0,0.0,3.0,44.0,0.0,0.0,1.0,0.0,0.0,0.0,0.0,807.8736,1
1.3469,2.529561,12.52673,0.0,-4.7096979999999995,0.0,-3.123655,0.0,0.0,0.0,0.5,0.5,1.0,4.0,0.0,0.0,0.5,0.00026245,0.000131225,5.610085e-06,-3.123655,50.10692,1
0.0,10.20195,4.814412,0.0,13.84898,5.197524,-1.409297,3.836258,0.0,1.0,1.0,0.0,3.0,20.0,6.0,1.0,1.0,2.048717,1.024358,0.02127692,-0.8212972,96.28824,1
2.4556,2.332535,13.52503,0.0,-2.678282,0.0006206725,-3.123034,0.0006206725,1.0,0.0,0.0,0.0,1.0,4.0,0.0,0.0,1.0,0.0,0.0,0.0,-3.123034,54.1001,1
0.0,14.44547,17.11844,0.0,7.685841,0.3930178,-6.641399,-0.3389988,0.0,0.0,1.0,0.0,3.0,74.0,0.0,0.0,0.0,0.2795509,0.1397754,0.000220681,-6.641399,1266.765,1
3.0949,1.336311,23.60796,0.0,-6.592859,0.00346568,-3.120189,0.00346568,0.0,0.0,0.0,0.0,1.0,4.0,0.0,0.0,1.0,0.0022939,0.00114695,2.429159e-05,-1.908013,94.43185,1
0.8334,3.976362,21.02562,0.0,3.746321,0.1342005,-10.59714,-0.3747157,0.0,0.0,0.0,0.0,2.0,4.0,0.0,0.0,0.0,0.0012805,0.00064025,1.522548e-05,-4.496345,84.10246,1
0.0,4.667509,13.33098,0.0,1.359028,2.853647,-4.149375,2.191162,0.0,0.0,1.0,0.0,4.0,4.0,0.0,0.0,0.0,0.0018814,0.0018814,3.528248e-05,-3.887375,53.32392,1
0.0,9.853576,11.87835,0.0,4.066481,0.5564393,-22.4365,-1.154237,0.0,0.0,1.0,0.0,3.0,6.0,0.0,0.0,1.0,0.1301919,0.1301919,0.001826739,-9.3575,71.27013,1
0.0,1.759009,18.90692,0.0,-0.1271001,1.451719,-8.492455,-1.594099,0.0,0.0,1.0,0.0,2.0,36.0,0.0,0.0,1.0,0.0010179,8.4825e-05,1.495484e-06,-6.464545,680.6492,1
0.0,20.18462,19.10595,0.0,13.9591,0.724969,-76.87615,0.5373504,0.0,1.0,1.0,0.0,2.0,4.0,3.0,2.0,1.0,4.475602,4.475602,0.05856293,-10.91724,76.4238,1
0.0,3.407442,21.06992,0.0,3.122762,0.2810305,-8.9485,0.08423373,0.0,0.0,1.0,0.0,2.0,31.0,0.0,0.0,1.0,0.2306818,0.2306818,0.000353174,-3.951983,653.1675,1
0.0,1.774579,14.02664,0.0,-0.3022696,2.213926,-4.506355,0.04966131,0.0,1.0,1.0,0.0,4.0,18.0,8.0,6.0,0.0,2.014476,0.6714922,0.007978771,-4.162855,252.4796,1
0.0,4.116005,18.11042,0.0,4.373766,0.237265,-9.169233,0.01131324,0.0,0.0,1.0,0.0,2.0,27.0,0.0,0.0,1.0,0.3785355,0.3785355,0.0007741307,-4.024195,488.9814,1
0.0,2.342071,14.04676,0.0,2.196011,0.4588762,-6.974487,-2.812784,0.0,1.0,1.0,0.0,6.0,60.0,6.0,15.0,1.0,2.599691,2.599691,0.003084568,-6.584787,842.8055,1
0.3892,1.982164,15.42835,0.0,-0.08989901,0.7990278,-7.551736,-1.028463,0.0,0.0,0.0,0.0,2.0,15.0,0.0,0.0,1.0,0.0099984,0.0033328,4.320359e-05,-6.075406,231.4252,1
0.0,1.995227,16.6685,0.0,1.823599,1.246502,-8.697671,-1.799316,0.0,0.0,1.0,0.0,2.0,24.0,0.0,0.0,1.0,1.152355,0.1440443,0.00288057,-6.669762,400.0439,1
0.0,12.61836,20.71244,0.0,9.242414499999999,0.15436845,-49.307065,-0.4075043,0.0,1.0,1.0,0.5,2.0,8.0,3.0,2.0,0.0,16.449285,4.1123215,0.09769269,-29.084139,165.6995,1
0.0,14.48497,21.90627,0.0,12.88988,0.0,0.0,0.0,0.0,0.0,1.0,0.0,2.0,32.0,0.0,0.0,1.0,0.0,0.0,0.0,0.0,701.0007,1
0.0369,3.419617,25.14046,0.0,3.973052,0.0,-6.132198,-1.071401,0.0,1.0,0.0,1.0,4.0,44.0,4.0,1.0,0.0,20.0,5.0,0.01808023,-5.812107,1106.18,1
3.0888,2.272942,13.67771,0.0,0.4868177,0.6803392,-7.206008,-0.6923707,0.0,0.0,0.0,0.0,2.0,88.0,0.0,0.0,0.0,0.0071743,0.0008967875,5.960512e-06,-5.903768,1203.638,1
2.9075,1.998981,19.29894,0.0,0.1971127,0.3503471,-9.68207,-2.943268,0.0,0.0,0.0,0.0,3.0,60.0,0.0,0.0,0.0,0.0250882,0.002090683,2.16663e-05,-7.140447,1157.936,1
0.0,8.333555,29.97998,0.0,6.292682,1.133722,-47.14842,0.4462416,0.0,0.0,1.0,0.0,2.0,10.0,0.0,0.0,0.0,0.0001059,5.295e-05,3.532358e-07,-47.14842,299.7998,1
0.0,1.957092,17.18815,0.0,1.042926,0.9679572,-7.730765,-1.754356,0.0,0.0,1.0,0.0,3.0,33.0,0.0,0.0,1.0,0.5551933,0.5551933,0.0009788161,-5.981165,567.209,1
0.2374,3.626933,25.6334,0.0,4.044112,0.0,-6.124869,-1.077785,0.0,1.0,0.0,1.0,4.0,44.0,4.0,1.0,0.0,20.0,5.0,0.01773255,-16.88725,1127.87,1
0.0,3.511848,31.04001,0.0,2.789114,0.786839,-18.83166,-2.919016,0.0,1.0,1.0,0.0,2.0,5.0,2.0,1.0,0.0,1.571549,1.571549,0.01012595,-7.912769,155.2001,1
0.0,20.04402,17.35413,0.0,11.43347,0.1294776,-10.7478,0.05713554,0.0,1.0,1.0,0.0,2.0,6.0,2.0,1.0,0.0,0.8046966,0.4023483,0.007728197,-10.7478,104.1248,1
0.0,11.57422,25.23244,0.0,6.940311,0.5907158,-5.81894,0.4900347,0.0,0.0,1.0,0.0,2.0,3.0,0.0,0.0,0.0,3.09e-05,3.09e-05,4.082048e-07,-52.05178,75.69731,1
0.0,7.640121,15.80874,0.0,5.504466,1.422231,-6.158436,1.422231,0.0,1.0,1.0,0.0,3.0,4.0,1.0,1.0,1.0,2.562839,2.562839,0.04052884,-6.158436,63.23495,1
0.0,1.445806,44.05403,0.0,-0.7692801,1.941034,-5.046186,0.7406887,0.0,0.0,1.0,0.0,2.0,3.0,0.0,0.0,1.0,0.0436716,0.0436716,0.0003304397,-4.710853,132.1621,1
0.0,6.714458,10.27622,0.0,4.750169,1.200749,-6.140766,-0.1585003,0.0,1.0,1.0,0.0,3.0,5.0,5.0,3.0,1.0,3.982025,3.982025,0.0774998,-5.220366,51.3811,1
0.0,23.30118,17.38845,0.0,17.54298,0.4700942,-85.88625,0.4700942,0.0,1.0,1.0,0.0,1.0,2.0,2.0,1.0,0.0,0.7682853,0.3841426,0.02209183,-85.88625,34.7769,1
0.0,2.22609,28.10399,0.0,-0.7355083,0.3935923,-5.517303,-0.011366,0.0,1.0,1.0,0.0,5.0,82.0,32.0,2.0,0.0,21.80037,10.90018,0.009459802,-5.250572,2304.527,1
0.0,6.49801,16.34238,0.0,6.557387,1.813238,-17.66468,1.762802,0.0,0.0,1.0,0.0,3.0,4.0,0.0,0.0,1.0,0.024362,0.024362,0.0003726814,-3.430857,65.36952,1
0.0,0.0,0.0,0.0,0.0,0.0,0.0,0.0,0.0,0.0,0.0,0.0,0.0,0.0,0.0,0.0,0.0,0.0,0.0,0.0,0.0,0.0,1
0.0,6.394012,40.10538,0.0,4.894744,0.0,-5.593427,-1.251457,0.0,1.0,1.0,1.0,2.0,8.0,2.0,1.0,0.0,8.0,4.0,0.02493431,-40.60918,320.8431,1
1.2909,2.443069,16.65484,0.0,2.277032,1.060552,-7.423926,-2.41296,1.0,0.0,0.0,0.0,4.0,32.0,0.0,0.0,1.0,0.0001622,4.055e-05,3.04341e-07,-7.133301,532.9548,1
0.0,3.137741,26.26477,0.0,1.907045,0.0,-6.300453,-1.529276,0.0,1.0,1.0,1.0,4.0,14.0,2.0,1.0,0.0,12.00073,6.000366,0.03263669,-6.013024,367.7067,1
0.0,15.83602,23.66197,0.0,10.12374,0.1242908,-11.77683,-0.2889461,0.0,1.0,1.0,0.0,2.0,16.0,10.0,2.0,0.0,11.28505,5.642527,0.029808,-11.77683,378.5914,1
0.1775,4.958928,17.42775,0.0,0.05914242,0.2931815,-6.449882,-1.458911,0.0,1.0,0.0,0.0,3.0,40.0,8.0,24.0,1.0,0.0026489,0.0003311125,3.799831e-06,-5.990282,697.11,1
0.0,0.0,0.0,0.0,0.0,0.0,0.0,0.0,0.0,0.0,0.0,0.0,0.0,0.0,0.0,0.0,0.0,0.0,0.0,0.0,0.0,0.0,1
0.0,0.0,0.0,0.0,0.0,0.0,0.0,0.0,0.0,0.0,0.0,0.0,0.0,0.0,0.0,0.0,0.0,0.0,0.0,0.0,0.0,0.0,1
2.1059,4.361486,15.09283,0.0,-2.651331,0.001206795,-3.792993,-1.694907,1.0,0.0,0.0,0.0,3.0,20.0,0.0,0.0,0.0,0.0,0.0,0.0,-10.36513,301.8567,1
0.0644,2.974918,27.10212,0.0,3.18092,0.1151706,-5.521698,-1.088136,0.0,0.0,0.0,0.0,4.0,56.0,0.0,0.0,0.0,0.0967567,0.02418918,6.375141e-05,-5.234269,1517.719,1
0.0,8.617414,24.12478,0.0,4.94945,0.3660894,-5.992686,-0.4685293,0.0,0.0,1.0,0.0,3.0,10.0,0.0,0.0,1.0,0.0202451,0.01012255,8.39183e-05,-5.992686,241.2478,1
1.7396,4.146372,8.020853,0.0,9.178258,1.272296,-8.671877,-1.773522,0.0,0.0,0.0,0.0,2.0,3.0,0.0,0.0,1.0,3.96e-05,3.96e-05,1.64571e-06,-6.643968,24.06256,1
1.214,2.256708,9.139107,0.0,2.729385,0.8448243,-5.596927,0.5034728,0.0,0.0,0.0,0.0,4.0,21.0,0.0,0.0,0.0,0.0008988,0.0008988,4.683171e-06,-3.991155,191.9212,1
2.3448,1.497021,17.74699,0.0,-1.662826,0.0,0.0,0.0,0.0,0.0,0.0,0.0,1.0,6.0,0.0,0.0,1.0,1.92e-05,6.4e-06,1.803122e-07,0.0,106.482,1
0.0,8.997583,10.76424,0.0,5.175549,0.7087316,-19.02005,-0.5559107,0.0,1.0,1.0,0.0,3.0,40.0,6.0,10.0,1.0,11.75692,11.75692,0.0273055,-8.21094,430.5697,1
0.0,6.911477,15.24604,0.0,9.251173,0.6742936,-17.55874,-0.02170829,0.0,1.0,1.0,0.0,2.0,2.0,1.0,1.0,1.0,0.2475254,0.2475254,0.008117696,-8.110814,30.49207,1
0.0,9.167168,25.38059,0.0,9.5683,0.03472009,-30.80591,0.03472009,0.0,1.0,1.0,0.0,1.0,2.0,2.0,1.0,0.0,0.3310032,0.1655016,0.006520795,-30.80591,50.76117,1
3.9015,2.623345,22.92237,0.0,0.01911985,0.0239996,-7.202611,-0.726957,0.0,0.0,0.0,0.0,4.0,14.0,0.0,0.0,0.0,0.0015132,0.0007566,4.715293e-06,-6.955754,320.9132,1
0.0,3.885645,7.426929,0.0,8.192843,1.916299,-7.578822,-0.7784079,0.0,0.0,1.0,0.0,3.0,5.0,0.0,0.0,1.0,0.0001585,0.0001585,4.268251e-06,-5.966383,37.13464,1
0.0,5.51292,19.56833,0.0,2.425062,1.998676,-6.231239,-1.055574,0.0,1.0,1.0,0.0,4.0,10.0,1.0,1.0,0.0,7.126234,7.126234,0.03641718,-5.819039,195.6833,1
0.0,9.155128,21.90248,0.0,3.249237,2.046539,-28.83623,2.046539,0.0,1.0,1.0,0.0,3.0,4.0,2.0,1.0,1.0,4.756876,4.756876,0.0542961,-4.928729,87.6099,1
1.1181,1.654882,20.34711,0.0,-2.070996,0.7327309,-8.254014,-1.424385,0.0,0.0,0.0,0.0,2.0,28.0,0.0,0.0,1.0,0.0,0.0,0.0,-6.454902,569.7191,1
0.0,1.760296,16.27132,0.0,-1.029242,1.912563,-4.225758,0.6703731,0.0,1.0,1.0,0.0,3.0,8.0,6.0,2.0,1.0,4.0,2.0,0.03072892,-4.145258,130.1705,1
0.0,5.380783,12.19495,0.0,1.529562,0.0,-10.5183,-1.819429,0.0,1.0,1.0,1.0,2.0,8.0,2.0,2.0,0.0,1.998996,0.9994979,0.02049,-10.5183,97.55957,1
0.6806,1.297539,25.28353,0.0,-1.208301,0.8854026,-6.129473,0.1024744,1.0,1.0,0.0,0.0,6.0,112.0,8.0,6.0,0.0,8.147178,1.018397,0.002877076,-5.972116,2831.756,1
0.0,2.361598,12.8314,0.0,-2.740534,0.2141495,-3.618754,0.2141495,0.0,1.0,1.0,0.0,2.0,8.0,3.0,8.0,1.0,1.999951,0.9999756,0.01948298,-2.311428,102.6512,1
0.0,9.471401,24.50555,0.0,2.573487,0.1514368,-31.92517,-0.08548386,0.0,0.0,1.0,0.0,2.0,2.0,0.0,0.0,0.0,0.000149,0.000149,3.040128e-06,-1.954101,49.01109,1
3.9858,3.845469,17.63972,0.0,-2.439909,0.0,-8.703607,-1.579544,1.0,0.0,0.0,1.0,3.0,8.0,0.0,0.0,0.0,0.0,0.0,0.0,-8.703607,141.1177,1
0.0,3.810601,9.310829,0.0,9.353185,0.7447532,-6.076224,0.7447532,0.0,0.0,1.0,0.0,2.0,3.0,0.0,0.0,1.0,0.0001138,0.0001138,4.074109e-06,-6.076224,27.93249,1
0.1347,2.414421,13.599,0.0,3.198837,0.8835375,-6.840184,-0.8203991,0.0,1.0,0.0,0.0,4.0,18.0,8.0,3.0,0.0,6.001506,3.000753,0.02451775,-6.643518,244.7821,1
0.0,4.622242,17.17411,0.0,4.646586,0.009944082,-9.708258,-0.2673604,0.0,0.0,1.0,0.0,2.0,2.0,0.0,0.0,1.0,2.5e-06,2.5e-06,7.278396e-08,-9.708258,34.34823,1
0.1813,4.635184,12.68649,0.0,-0.153439,0.0,-9.470014,-1.886183,0.0,1.0,0.0,1.0,2.0,10.0,6.0,5.0,0.0,4.0,2.0,0.03152961,-9.470014,126.8649,1
0.302,2.552239,13.03069,0.0,2.390833,1.084353,-8.85982,-1.961465,1.0,0.0,0.0,0.0,2.0,48.0,0.0,0.0,1.0,4.11e-05,2.56875e-06,6.571025e-08,-6.831911,625.4732,1
0.0,2.08406,15.95801,0.0,2.264242,1.256362,-8.687811,-1.789456,0.0,0.0,1.0,0.0,2.0,18.0,0.0,0.0,1.0,0.3341708,0.05569513,0.001163369,-6.659902,287.2441,1
0.17835,4.0013345,19.70017,0.0,1.996076,1.2604643,-7.1634835,-2.2292325,0.5,0.0,0.5,0.0,3.0,5.0,0.0,0.0,0.0,0.10883715,0.10883715,0.00127357,-6.7512834999999995,98.50086,1
0.0,4.227076,21.38593,0.0,2.037258,0.1356161,-2.703204,-0.2793415,0.0,0.0,1.0,0.0,3.0,3.0,0.0,0.0,1.0,1.89e-05,1.89e-05,2.945862e-07,-2.703204,64.15778,1
0.0,1.816624,18.50555,0.0,1.877691,1.078909,-2.234548,1.078909,0.0,1.0,1.0,0.0,2.0,4.0,1.0,1.0,1.0,0.9992935,0.9992935,0.01349992,-2.234548,74.0222,1
0.0,3.502882,26.66713,0.0,1.674011,0.0,-6.284919,-1.53529,0.0,1.0,1.0,1.0,4.0,28.0,4.0,1.0,0.0,24.00253,6.000632,0.03214569,-5.997491,746.6795,1
0.0,7.94247,18.64536,0.0,7.163507,0.04993738,-16.7,0.01268827,0.0,0.0,1.0,0.0,2.0,4.0,0.0,0.0,1.0,0.0,0.0,0.0,-16.7,74.58143,1
5.1112,4.365695,11.72262,0.0,2.092516,0.5539954,-4.31055,-0.5375293,0.0,0.0,0.0,0.0,3.0,12.0,0.0,0.0,1.0,2.27e-05,1.135e-05,1.61369e-07,-3.85255,140.6714,1
0.0,2.191777,31.6932,0.0,1.824992,1.332138,-8.950436,0.03979701,0.0,0.0,1.0,0.0,3.0,5.0,0.0,0.0,1.0,0.002728,0.002728,1.721505e-05,-3.564023,158.466,1
0.0,9.186959,14.74012,0.0,6.166152,0.8170244,-19.14242,0.8170244,0.0,1.0,1.0,0.0,2.0,4.0,3.0,2.0,1.0,0.8219936,0.8219936,0.01394143,-6.469409,58.96047,1
1.3132,2.138146,15.55434,0.0,0.7376397,0.7259852,-9.218188,-2.319833,1.0,0.0,0.0,0.0,2.0,144.0,0.0,0.0,1.0,0.0051088,0.0001064333,2.280893e-06,-7.190279,2239.825,1
0.0,3.47116,5.936165,0.0,9.989158,2.562003,-7.088528,1.149024,0.0,0.0,1.0,0.0,2.0,4.0,0.0,0.0,1.0,9.04e-05,4.52e-05,3.807172e-06,-6.22682,23.74466,1
0.0,9.686891,24.11404,0.0,5.721675,2.127636,-37.0002,1.884797,0.0,1.0,1.0,0.0,3.0,3.0,1.0,1.0,1.0,2.35071,2.35071,0.03249434,-5.479726,72.34213,1
0.0,4.546801,17.03284,0.0,3.784405,1.80746,-6.616488,-1.682236,0.0,0.0,1.0,0.0,3.0,5.0,0.0,0.0,0.0,0.0770356,0.0770356,0.0009045535,-6.204288,85.16422,1
0.0,6.696109,11.9182,0.0,2.994652,0.2410721,-13.93035,-2.105358,0.0,1.0,1.0,0.0,2.0,8.0,3.0,4.0,1.0,2.006393,1.003197,0.02104337,-6.516111,95.34563,1
0.0,8.735489,10.44324,0.0,6.745295,0.4205954,-14.26274,0.4205954,0.0,0.0,1.0,0.0,1.0,1.0,0.0,0.0,1.0,0.0013412,0.0013412,0.0001284276,-14.26274,10.44324,1
0.0,11.98403,17.57307,0.0,5.345981,1.459773,-31.77888,1.459773,0.0,0.0,1.0,0.0,3.0,4.0,0.0,0.0,1.0,0.0056766,0.0056766,8.075707e-05,-7.854928,70.2923,1
0.0,8.120494,28.1139,0.0,6.533276,0.4577001,-29.24841,-0.4038478,0.0,0.0,1.0,0.0,2.0,3.0,0.0,0.0,0.0,0.0002852,0.0002852,3.381482e-06,-4.429526,84.34171,1
3.3265,0.07355403,723.8921,0.0,-6.19163,0.04315854,-7.991841,0.04315854,1.0,0.0,0.0,0.0,1.0,8.0,0.0,0.0,1.0,0.0,0.0,0.0,-7.991841,5791.137,1
0.0,3.222079,10.32173,0.0,6.185404,1.824697,-8.119476,-1.221121,0.0,0.0,1.0,0.0,2.0,18.0,0.0,0.0,1.0,0.2030565,0.03384275,0.001092929,-6.091567,185.7912,1
0.0,18.42549,19.38727,0.0,11.05528,0.4315842,-10.1303,-0.06538011,0.0,0.0,1.0,0.0,2.0,16.0,0.0,0.0,0.0,0.0245445,0.003068063,7.912568e-05,-10.1303,310.1964,1
0.0,18.87731,17.63085,0.0,14.59557,0.4747769,-67.43411,0.1938405,0.0,1.0,1.0,0.0,2.0,4.0,3.0,1.0,0.0,11.82126,11.82126,0.1676217,-11.16693,70.52342,1
0.0,6.433465,26.13638,0.0,6.194935,0.09081346,-19.97282,0.08955618,0.0,0.0,1.0,0.0,2.0,2.0,0.0,0.0,0.0,0.0084145,0.0084145,0.0001609729,-3.822818,52.27277,1
2.7125,1.935327,27.51224,0.0,-0.5439393,0.0,-8.034999,0.0,0.0,0.0,0.0,1.0,1.0,32.0,0.0,0.0,0.0,1e-07,3.125e-09,1.135858e-10,-8.034999,880.3917,1
3.5892,1.854587,11.11049,0.0,1.00108,0.3211676,-9.329364,-1.091811,0.0,0.0,0.0,0.0,2.0,8.0,0.0,0.0,1.0,9.37e-05,2.3425e-05,1.054184e-06,-8.467656,88.88394,0
0.0706,2.481829,25.19043,0.0,-0.04572339,0.7804055,-4.846963,0.3933799,0.0,1.0,0.0,0.0,4.0,28.0,4.0,3.0,0.0,4.00597,2.002985,0.005679552,-4.52782,705.3321,0
0.0,2.454375,7.422546,0.0,4.749247,0.0,-7.090861,-0.07156648,0.0,0.0,1.0,1.0,2.0,15.0,0.0,0.0,0.0,2e-07,2e-07,1.796329e-09,-7.788035,111.3382,0
0.0,1.596352,29.65381,0.0,-2.15677,0.7550821,-5.526258,0.2003386,0.0,0.0,1.0,0.0,4.0,120.0,0.0,0.0,0.0,7.93829,0.9922863,0.002230823,-5.232524,3558.458,0
0.0,1.378982,26.59113,0.0,-2.413755,1.318567,-5.655376,0.5850918,0.0,0.0,1.0,0.0,7.0,168.0,0.0,0.0,0.0,3.74447,0.4680588,0.0008381935,-5.43528,4467.31,0
0.0,1.975635,24.90683,0.0,-2.611403,1.227085,-4.984137,0.7853762,0.0,0.0,1.0,0.0,5.0,60.0,0.0,0.0,0.0,0.0120727,0.003018175,8.078574e-06,-4.748404,1494.41,0
0.0,12.80108,11.48538,0.0,11.71199,0.01971425,-34.16107,-0.478055,0.0,1.0,1.0,0.0,2.0,3.0,1.0,1.0,0.0,4.014869,4.014869,0.1165212,-9.610219,34.45613,0
0.0,6.317698,11.65909,0.0,5.404822,0.0,-13.02718,-0.1322617,0.0,0.0,1.0,1.0,2.0,8.0,0.0,0.0,1.0,0.0,0.0,0.0,-13.02718,93.27272,0
0.0,5.93024,12.13437,0.0,5.49554,0.4788088,-12.95425,-0.09349041,0.0,0.0,1.0,0.0,2.0,8.0,0.0,0.0,1.0,7.46e-05,3.73e-05,7.684782e-07,-6.237154,97.07497,0
0.0,9.902138,11.0456,0.0,10.58402,0.0,-24.93902,-0.2152523,0.0,0.0,1.0,1.0,2.0,8.0,0.0,0.0,1.0,0.0,0.0,0.0,-24.93902,88.36483,0
0.0,2.590682,7.202596,0.0,8.34162,0.1354938,-7.825308,-0.2413006,0.0,1.0,1.0,0.0,2.0,15.0,1.0,3.0,0.0,0.9997988,0.9997988,0.00925406,-7.106413,108.0389,0
0.0,11.23773,9.856491,0.0,8.051076,0.0,-21.03289,-1.084848,0.0,0.0,1.0,1.0,2.0,3.0,0.0,0.0,0.0,1e-07,1e-07,3.381866e-09,-21.03289,29.56947,0
0.0,6.192621,9.205647,0.0,8.565495,0.0,-12.25426,-0.5803184,0.0,0.0,1.0,1.0,3.0,9.0,0.0,0.0,0.0,4e-07,4e-07,4.827955e-09,-12.25426,82.85082,0
2.1408,2.572334,8.612356,0.0,4.320932,0.5976807,-8.037393,0.5976807,0.0,0.0,0.0,0.0,2.0,6.0,0.0,0.0,1.0,0.0019633,0.00098165,3.799386e-05,-7.796726,51.67414,0
0.0,7.835274,9.44027,0.0,8.480374,0.0,-16.96116,-0.5500447,0.0,0.0,1.0,1.0,3.0,9.0,0.0,0.0,0.0,2e-07,2e-07,2.353982e-09,-16.96116,84.96243,0
0.0,12.62251,9.113563,0.0,7.776051,0.0,-22.81644,-0.4486658,0.0,0.0,1.0,1.0,2.0,6.0,0.0,0.0,0.0,2.3e-06,1.15e-06,4.206185e-08,-22.81644,54.68138,0
0.0,8.233359,11.41284,0.0,5.269314,0.0,-6.993238,-0.611254,0.0,1.0,1.0,1.0,3.0,22.0,8.0,3.0,0.0,1.849227,0.9246134,0.007365019,-15.68464,251.0824,0
0.0,6.070775,10.28892,0.0,7.386496,0.0,-13.54754,-1.066709,0.0,0.0,1.0,1.0,2.0,3.0,0.0,0.0,0.0,1e-07,1e-07,3.239731e-09,-13.54754,30.86676,0
0.0,8.445499,11.25103,0.0,5.32699,0.0,-15.98994,-0.6922952,0.0,1.0,1.0,1.0,3.0,22.0,8.0,3.0,0.0,1.869565,0.9347823,0.007553102,-15.98994,247.5227,0
0.0,5.711001,13.95116,0.0,5.098144,0.0,-14.19546,-0.5469307,0.0,1.0,1.0,1.0,2.0,28.0,4.0,2.0,0.0,1.029214,0.2573035,0.002634737,-14.19546,390.6325,0
0.0,5.698965,8.996585,0.0,7.548846,0.0,-11.61778,-0.8998123,0.0,0.0,1.0,1.0,2.0,4.0,0.0,0.0,0.0,1e-07,5e-08,2.778832e-09,-11.61778,35.98634,0
5.7795,1.846742,21.12044,0.0,-4.062595,0.2548626,-7.224813,0.05391265,0.0,0.0,0.0,0.0,3.0,10.0,0.0,0.0,1.0,0.0009262,0.0004631,4.385324e-06,-7.080413,211.2044,0
0.0,4.506929,8.534207,0.0,8.460499,0.0,-10.30972,-1.099568,0.0,0.0,1.0,1.0,2.0,3.0,0.0,0.0,0.0,0.0,0.0,0.0,-10.30972,25.60262,0
0.0,8.435693,10.73728,0.0,8.294112,0.0,-20.22063,-0.5649598,0.0,1.0,1.0,1.0,3.0,24.0,4.0,1.0,0.0,5.273667,1.318417,0.02046479,-20.22063,257.6946,0
0.0,11.78384,13.88155,0.0,4.847201,0.3508577,-29.88199,-0.003502781,0.0,0.0,1.0,0.0,2.0,16.0,0.0,0.0,0.0,0.0002117,2.64625e-05,9.531534e-07,-9.54917,222.1049,0
0.0,4.569244,9.700367,0.0,7.402716,0.0,-10.71985,-0.9771802,0.0,0.0,1.0,1.0,2.0,7.0,0.0,0.0,0.0,0.0,0.0,0.0,-10.71985,67.90257,0
0.0,12.75689,9.19212,0.0,8.777058,0.0,-22.79392,-0.234608,0.0,0.0,1.0,1.0,2.0,6.0,0.0,0.0,0.0,0.0,0.0,0.0,-22.79392,55.15272,0
1.6753,2.597932,7.879936,0.0,5.653486,0.0,-7.659846,-0.4402782,0.0,0.0,0.0,1.0,3.0,22.0,0.0,0.0,0.0,0.0,0.0,0.0,-7.659846,173.3586,0
0.0,2.426415,7.56281,0.0,5.19465,0.09733171,-7.19226,-0.003013184,0.0,0.0,1.0,0.0,2.0,70.0,0.0,0.0,1.0,0.7139296,0.05099497,0.001348572,-7.19226,529.3967,0
0.0,9.274993,10.28529,0.0,9.968847,0.0,-23.74568,-0.5973232,0.0,1.0,1.0,1.0,2.0,20.0,4.0,2.0,0.0,19.54257,4.885642,0.09500253,-23.74568,205.7058,0
0.0,5.941578,13.67601,0.0,5.002978,0.0,-14.23169,-0.5791514,0.0,0.0,1.0,1.0,2.0,28.0,0.0,0.0,0.0,3.68e-05,9.2e-06,9.610158e-08,-14.23169,382.9282,0
0.0,5.907692,9.806715,0.0,6.980394,0.0,-12.16928,-0.776988,0.0,0.0,1.0,1.0,2.0,10.0,0.0,0.0,0.0,0.0,0.0,0.0,-12.16928,98.06715,0
0.0,9.019583,11.39056,0.0,8.532913,0.0,-22.08765,-0.5988709,0.0,1.0,1.0,1.0,3.0,12.0,2.0,1.0,0.0,0.7047415,0.3523708,0.005155888,-22.08765,136.6867,0
0.0,5.495814,8.463049,0.0,8.126674,0.0,-11.09621,-0.859899,0.0,0.0,1.0,1.0,2.0,7.0,0.0,0.0,0.0,0.0,0.0,0.0,-11.09621,59.24134,0
0.0,6.878101,9.238752,0.0,7.600212,0.06764969,-12.70387,-0.2061931,0.0,0.0,1.0,0.0,2.0,12.0,0.0,0.0,0.0,8e-07,2e-07,7.215982e-09,-12.70387,110.865,0
0.0,6.641641,11.9608,0.0,5.723962,0.0,-7.774169,-0.5704286,0.0,0.0,1.0,1.0,3.0,22.0,0.0,0.0,0.0,0.0001974,9.87e-05,7.501776e-07,-15.51947,263.1377,0
1.998,3.227702,10.31404,0.0,8.058455,0.000151124,-7.530723,-0.203731,0.0,0.0,0.0,0.0,2.0,36.0,0.0,0.0,0.0,0.0,0.0,0.0,-9.666295,371.3056,0
2.2226,3.228033,10.31298,0.0,8.099836,0.0003009711,-7.530573,-0.2035812,0.0,0.0,0.0,0.0,2.0,8.0,0.0,0.0,1.0,0.0,0.0,0.0,-9.666145,82.50387,0
1.751,3.22747,10.31478,0.0,8.133387,0.001018031,-7.529856,-0.2028641,0.0,0.0,0.0,0.0,2.0,10.0,0.0,0.0,0.0,0.0,0.0,0.0,-9.665428,103.1478,0
1.9706,3.227568,10.31447,0.0,8.067745,5.227018e-05,-7.530822,-0.2038299,0.0,0.0,0.0,0.0,2.0,32.0,0.0,0.0,0.0,0.0,0.0,0.0,-9.666394,330.063,0
1.9608,3.235211,10.2901,0.0,8.079274,0.0005379553,-7.530336,-0.2033442,0.0,0.0,0.0,0.0,2.0,78.0,0.0,0.0,0.0,4e-07,1.025641e-08,4.983629e-10,-7.530336,802.6279,0
1.9695,3.227714,10.314,0.0,8.064116,0.0001208176,-7.530753,-0.2037613,0.0,0.0,0.0,0.0,2.0,38.0,0.0,0.0,0.0,0.0,0.0,0.0,-9.666326,391.9322,0
2.0052,3.227627,10.31428,0.0,8.060845,0.0001059674,-7.530768,-0.2037762,0.0,0.0,0.0,0.0,2.0,20.0,0.0,0.0,0.0,0.0,0.0,0.0,-9.66634,206.2856,0
1.9535,3.227651,10.31421,0.0,8.081147,9.136637e-05,-7.530783,-0.2037908,0.0,0.0,0.0,0.0,2.0,10.0,0.0,0.0,0.0,0.0,0.0,0.0,-9.666355,103.1421,0
1.9424,3.227626,10.31429,0.0,8.069884,5.048904e-05,-7.530823,-0.2038317,0.0,0.0,0.0,0.0,2.0,54.0,0.0,0.0,0.0,0.0,0.0,0.0,-9.666396,556.9714,0
0.0,0.0,0.0,0.0,0.0,0.0,0.0,0.0,0.0,0.0,0.0,0.0,0.0,0.0,0.0,0.0,0.0,0.0,0.0,0.0,0.0,0.0,0
1.996,3.171994,10.49518,0.0,8.036553,0.03186892,-7.499005,-0.1720132,0.0,0.0,0.0,0.0,2.0,22.0,0.0,0.0,0.0,1.16e-05,1.054545e-06,5.023951e-08,-7.499005,230.894,0
1.6644,3.169408,10.50375,0.0,8.293214,0.008473528,-7.5224,-0.1954086,0.0,0.0,0.0,0.0,2.0,18.0,0.0,0.0,0.0,0.0019837,0.0002204111,1.049202e-05,-7.5224,189.0674,0
1.8004,3.235316,10.28977,0.0,8.104281,0.0003893587,-7.530485,-0.2034928,0.0,0.0,0.0,0.0,2.0,72.0,0.0,0.0,0.0,5.3e-06,1.472222e-07,7.153816e-09,-7.530485,740.8634,0
0.0,0.0,0.0,0.0,0.0,0.0,0.0,0.0,0.0,0.0,0.0,0.0,0.0,0.0,0.0,0.0,0.0,0.0,0.0,0.0,0.0,0.0,0
2.023,3.227773,10.31381,0.0,8.074672,7.649035e-06,-7.530866,-0.2038745,0.0,0.0,0.0,0.0,2.0,12.0,0.0,0.0,0.0,0.0,0.0,0.0,-9.666439,123.7658,0
1.8139,3.227469,10.31479,0.0,8.048188,2.073201e-05,-7.530853,-0.2038614,0.0,0.0,0.0,0.0,2.0,28.0,0.0,0.0,0.0,0.0,0.0,0.0,-9.666426,288.814,0
1.6891,3.227481,10.31475,0.0,8.050288,2.842665e-05,-7.530846,-0.2038537,0.0,0.0,0.0,0.0,2.0,42.0,0.0,0.0,0.0,0.0,0.0,0.0,-9.666418,433.2194,0
1.8488,3.227558,10.3145,0.0,8.053609,1.633094e-05,-7.530858,-0.2038658,0.0,0.0,0.0,0.0,2.0,14.0,0.0,0.0,0.0,0.0,0.0,0.0,-9.66643,144.403,0
0.0,6.349253,8.213064,0.0,8.236742,0.0100957,-11.61052,-0.4006686,0.0,0.0,1.0,0.0,2.0,4.0,0.0,0.0,0.0,1.1e-06,5.5e-07,3.348324e-08,-11.61052,32.85225,0
1.8433,3.168511,10.50672,0.0,9.847517,0.0318017,-7.499072,-0.1720805,0.0,0.0,0.0,0.0,2.0,26.0,0.0,0.0,1.0,2.45e-05,1.884615e-06,8.968621e-08,-7.499072,273.1747,0
1.7772,3.227418,10.31495,0.0,8.030941,6.303174e-05,-7.530811,-0.2038191,0.0,0.0,0.0,0.0,2.0,16.0,0.0,0.0,0.0,0.0,0.0,0.0,-9.666383,165.0392,0
1.6998,3.16927,10.5042,0.0,8.121231,0.009374987,-7.521499,-0.1945072,0.0,0.0,0.0,0.0,2.0,16.0,0.0,0.0,0.0,0.0015224,0.0001903,9.05828e-06,-7.521499,168.0672,0
2.3029,3.226256,10.31866,0.0,8.239384,0.004145862,-7.526728,-0.1997363,0.0,0.0,0.0,0.0,2.0,4.0,0.0,0.0,0.0,0.0,0.0,0.0,-9.6623,41.27466,0
1.3669,3.226629,10.31747,0.0,8.05933,0.0001685524,-7.530705,-0.2037136,0.0,0.0,0.0,0.0,2.0,2.0,0.0,0.0,0.0,0.0,0.0,0.0,-9.666278,20.63494,0
0.0,6.375972,13.19951,0.0,4.841529,0.0,-14.36457,-0.6220481,0.0,0.0,1.0,1.0,2.0,28.0,0.0,0.0,0.0,1e-07,2.5e-08,2.705729e-10,-14.36457,369.5862,0
0.0,5.403081,8.255917,0.0,8.452088,0.0,-10.87682,-0.8331723,0.0,0.0,1.0,1.0,2.0,10.0,0.0,0.0,0.0,0.0,0.0,0.0,-10.87682,82.55917,0
0.0,6.95419,10.07307,0.0,6.153667,0.0,-13.2119,-0.7616603,0.0,0.0,1.0,1.0,3.0,24.0,0.0,0.0,0.0,5e-06,1.25e-06,2.06822e-08,-13.2119,241.7538,0
0.0,8.311512,9.372967,0.0,8.433656,0.0,-14.93012,-0.3524967,0.0,0.0,1.0,1.0,2.0,10.0,0.0,0.0,0.0,0.0,0.0,0.0,-14.93012,93.72967,0
0.0,7.782938,11.68349,0.0,5.190811,0.01482309,-18.40981,-0.5644667,0.0,1.0,1.0,0.0,3.0,22.0,8.0,3.0,0.0,42.27294,21.13647,0.1644626,-9.471736,257.0368,0
0.1589,5.244562,9.717416,0.0,6.562294,0.0,-11.45041,-0.655016,0.0,0.0,0.0,1.0,3.0,24.0,0.0,0.0,0.0,0.0,0.0,0.0,-11.45041,233.218,0
0.0,7.3254,9.877477,0.0,6.128068,0.0,-7.458797,-0.7305981,0.0,0.0,1.0,1.0,3.0,24.0,0.0,0.0,0.0,0.0030056,0.0007514,1.267868e-05,-7.458797,237.0595,0
0.0,7.248181,9.893791,0.0,6.108265,0.0,-13.50846,-0.7824059,0.0,0.0,1.0,1.0,3.0,24.0,0.0,0.0,0.0,1.15e-05,2.875e-06,4.843105e-08,-13.50846,237.451,0
0.0,4.589957,10.61416,0.0,6.794933,0.0,-11.01957,-0.8775136,0.0,0.0,1.0,1.0,2.0,8.0,0.0,0.0,0.0,0.0,0.0,0.0,-11.01957,84.91331,0
0.0,2.330182,7.704157,0.0,4.126628,0.1552667,-7.191087,0.1552667,0.0,0.0,1.0,0.0,1.0,48.0,0.0,0.0,0.0,1.6e-06,3.333333e-08,4.326669e-09,-6.524125,369.7995,0
0.0,6.697902,11.91368,0.0,5.631583,0.0,-15.64771,-0.6680803,0.0,0.0,1.0,1.0,3.0,22.0,0.0,0.0,0.0,0.4827382,0.2413691,0.001841802,-15.64771,262.101,0
0.0,6.879656,9.236663,0.0,7.569917,0.06716988,-12.70435,-0.206673,0.0,0.0,1.0,0.0,2.0,6.0,0.0,0.0,0.0,0.0,0.0,0.0,-12.70435,55.41998,0
0.0,8.96241,11.24872,0.0,7.220404,0.0,-9.150483,-0.8309063,0.0,0.0,1.0,1.0,3.0,10.0,0.0,0.0,0.0,0.0009478,0.0004739,8.425847e-06,-9.150483,112.4872,0
0.0,7.288982,10.85626,0.0,5.994888,0.0,-15.91165,-0.6765458,0.0,0.0,1.0,1.0,3.0,36.0,0.0,0.0,0.0,3.6e-06,9e-07,9.211275e-09,-15.91165,390.8254,0
0.0,18.32769,11.60998,0.0,8.268161,0.0,-11.40169,-0.02672316,0.0,0.0,1.0,1.0,2.0,6.0,0.0,0.0,0.0,1e-07,5e-08,1.435547e-09,-38.3095,69.65985,0
0.1611,7.541227,9.63349,0.0,6.504919,0.0,-13.79046,-0.7264302,0.0,1.0,0.0,1.0,3.0,24.0,4.0,1.0,0.0,0.0,0.0,0.0,-13.79046,231.2038,0
0.0,7.383277,8.967879,0.0,7.87863,0.0,-14.02494,-0.4724803,0.0,0.0,1.0,1.0,2.0,6.0,0.0,0.0,0.0,1e-07,5e-08,1.858485e-09,-14.02494,53.80728,0
0.0,6.798445,16.67064,0.0,4.931632,0.003232368,-6.407085,-0.3824282,0.0,0.0,1.0,0.0,3.0,13.0,0.0,0.0,0.0,9e-07,9e-07,4.152856e-09,-17.1235,216.7183,0
0.0,9.084618,9.585299,0.0,8.040085,0.0,-17.44565,-0.9005008,0.0,0.0,1.0,1.0,3.0,6.0,0.0,0.0,1.0,0.0,0.0,0.0,-17.44565,57.51179,0
0.0,2.309658,10.67794,0.0,2.94516,0.0,-7.23695,-0.08032315,0.0,0.0,1.0,1.0,2.0,7.0,0.0,0.0,0.0,0.0,0.0,0.0,-7.23695,74.74561,0
0.0,6.017488,7.854085,0.0,8.690741,0.02892978,-11.00514,-0.3472151,0.0,0.0,1.0,0.0,2.0,7.0,0.0,0.0,0.0,0.0005884,0.0005884,1.070235e-05,-11.00514,54.97859,0
0.0,8.414298,10.86524,0.0,8.635954,0.0,-21.22234,-0.6502088,0.0,0.0,1.0,1.0,2.0,20.0,0.0,0.0,0.0,0.0,0.0,0.0,-21.22234,217.3047,0
0.0,7.562997,8.979458,0.0,8.394688,0.0,-13.68075,-0.3083383,0.0,0.0,1.0,1.0,2.0,6.0,0.0,0.0,0.0,2e-07,1e-07,3.712176e-09,-13.68075,53.87675,0
0.0,2.322437,7.729851,0.0,4.426162,0.01974747,-7.326607,0.01974747,0.0,0.0,1.0,0.0,1.0,105.0,0.0,0.0,0.0,1e-07,9.52381e-10,1.232082e-10,-7.326607,811.6343,0
0.0,6.827925,12.80456,0.0,4.807482,0.0,-18.26024,-0.6137028,0.0,1.0,1.0,1.0,2.0,28.0,8.0,2.0,0.0,0.0731671,0.01829177,0.0002040766,-18.26024,358.5277,0
0.0,9.28673,12.0071,0.0,5.569997,0.0,-18.61855,-0.6627,0.0,1.0,1.0,1.0,3.0,22.0,2.0,2.0,0.0,0.5992961,0.299648,0.002268718,-18.61855,264.1563,0
0.2774,5.958573,10.59404,0.0,6.869301,0.0,-13.29983,-0.6713339,0.0,0.0,0.0,1.0,3.0,24.0,0.0,0.0,0.0,0.0,0.0,0.0,-13.29983,254.2569,0
0.0,5.29445,11.35481,0.0,5.68293,0.0,-7.373676,-0.5779453,0.0,1.0,1.0,1.0,3.0,22.0,2.0,1.0,0.0,1.21652,0.6082601,0.004869863,-12.12488,249.8058,0
0.0,5.165601,7.775444,0.0,8.859937,0.0,-10.35518,-0.7610839,0.0,0.0,1.0,1.0,2.0,3.0,0.0,0.0,0.0,2.8e-06,2.8e-06,1.20036e-07,-10.35518,23.32633,0
0.0,5.866513,7.723136,0.0,8.80765,0.04547742,-10.75397,-0.3168196,0.0,0.0,1.0,0.0,2.0,10.0,0.0,0.0,0.0,0.0048854,0.0024427,6.325669e-05,-10.75397,77.23136,0
0.0,7.218088,10.5812,0.0,7.463954,0.0,-15.58798,-0.7897408,0.0,0.0,1.0,1.0,2.0,7.0,0.0,0.0,0.0,0.0,0.0,0.0,-15.58798,74.06842,0
0.0,4.293171,11.17221,0.0,4.208549,0.0,-6.409305,-0.4099724,0.0,0.0,1.0,1.0,2.0,7.0,0.0,0.0,0.0,0.0,0.0,0.0,-10.55247,78.20546,0
0.2813,7.905821,10.56095,0.0,6.879445,0.0,-15.25622,-0.6830199,0.0,0.0,0.0,1.0,3.0,24.0,0.0,0.0,0.0,0.0,0.0,0.0,-15.25622,253.4629,0
0.0,2.329506,7.706392,0.0,4.047319,0.09513512,-7.251219,0.09513512,0.0,0.0,1.0,0.0,1.0,50.0,0.0,0.0,0.0,2e-07,4e-09,5.190496e-10,-7.251219,385.3196,0
0.0,12.91805,11.12553,0.0,11.96912,0.0,-32.16244,-0.6175202,0.0,1.0,1.0,1.0,2.0,3.0,1.0,1.0,0.0,1.1785,1.1785,0.03530917,-32.16244,33.37659,0
1.5149,2.487691,7.376525,0.0,5.12686,0.08118889,-7.208403,-0.019156,0.0,0.0,0.0,0.0,2.0,15.0,0.0,0.0,0.0,0.0,0.0,0.0,-7.915914,110.6479,0
0.2705,10.31989,10.51295,0.0,6.534389,0.0,-7.97756,-0.5986638,0.0,0.0,0.0,1.0,3.0,24.0,0.0,0.0,0.0,0.0,0.0,0.0,-19.58272,252.3108,0
0.0,8.174752,11.41435,0.0,5.334165,0.0,-6.944685,-0.601696,0.0,1.0,1.0,1.0,3.0,22.0,8.0,3.0,0.0,2.154654,1.077327,0.008580324,-15.38613,251.1157,0
0.0,6.283931,12.69853,0.0,5.379164,0.2735368,-15.37417,-0.3945435,0.0,0.0,1.0,0.0,3.0,22.0,0.0,0.0,0.0,0.001761,0.0008805,6.303521e-06,-7.477828,279.3677,0
0.0,5.392532,11.21797,0.0,8.38944,0.0,-12.45352,-0.6274806,0.0,0.0,1.0,1.0,2.0,20.0,0.0,0.0,0.0,0.0002999,7.4975e-05,1.336695e-06,-12.45352,224.3594,0
